Frame 0: [419.00, 656.00], [443.00, 655.00], [421.00, 718.00], [449.00, 719.00]
Frame 1: [419.00, 656.00], [443.00, 655.00], [421.00, 718.00], [449.00, 719.00]
Frame 2: [419.00, 655.96], [442.99, 654.97], [421.23, 718.07], [449.12, 719.02]
Frame 3: [419.00, 655.96], [442.99, 654.97], [421.23, 718.07], [449.12, 719.02]
Frame 4: [418.98, 655.79], [443.14, 654.86], [421.39, 718.06], [449.07, 719.01]
Frame 5: [419.08, 655.82], [443.14, 654.81], [421.65, 718.14], [449.05, 719.00]
Frame 6: [419.15, 655.67], [443.27, 654.64], [421.94, 718.11], [449.36, 718.87]
Frame 7: [419.15, 655.67], [443.27, 654.64], [421.94, 718.11], [449.36, 718.87]
Frame 8: [419.15, 655.68], [443.26, 654.64], [422.31, 718.16], [449.28, 718.82]
Frame 9: [419.25, 655.48], [443.26, 654.62], [422.45, 718.15], [449.27, 718.82]
Frame 10: [419.46, 655.33], [443.50, 654.38], [422.73, 718.16], [448.83, 718.70]
Frame 11: [419.46, 655.32], [443.57, 654.40], [422.72, 718.16], [448.86, 718.70]
Frame 12: [419.53, 655.30], [443.69, 654.32], [422.85, 718.07], [449.11, 718.66]
Frame 13: [419.53, 655.31], [443.69, 654.32], [422.85, 718.07], [449.11, 718.66]
Frame 14: [419.53, 655.31], [443.69, 654.20], [423.22, 718.14], [449.14, 718.67]
Frame 15: [419.89, 655.15], [444.13, 654.13], [423.51, 718.16], [449.52, 718.66]
Frame 16: [420.05, 655.13], [444.22, 653.93], [423.57, 718.14], [449.68, 718.68]
Frame 17: [420.06, 655.11], [444.34, 653.92], [423.58, 718.12], [449.78, 718.65]
Frame 18: [420.06, 655.11], [444.34, 653.92], [423.58, 718.12], [449.78, 718.65]
Frame 19: [420.22, 655.03], [444.33, 653.92], [423.41, 718.07], [449.85, 718.66]
Frame 20: [420.38, 654.94], [444.58, 653.82], [423.25, 717.86], [450.34, 718.68]
Frame 21: [420.48, 654.93], [444.78, 653.72], [423.04, 717.80], [450.49, 718.67]
Frame 22: [420.48, 654.93], [444.78, 653.72], [423.04, 717.80], [450.49, 718.67]
Frame 23: [420.60, 654.90], [444.99, 653.73], [422.76, 717.69], [450.48, 718.67]
Frame 24: [420.66, 654.89], [444.98, 653.61], [422.35, 717.53], [450.57, 718.67]
Frame 25: [420.96, 654.94], [445.34, 653.60], [421.90, 717.23], [450.74, 718.63]
Frame 26: [421.05, 654.94], [445.37, 653.60], [421.95, 717.21], [450.58, 718.66]
Frame 27: [421.14, 654.93], [445.43, 653.61], [421.94, 717.16], [450.44, 718.62]
Frame 28: [421.14, 654.93], [445.43, 653.60], [421.94, 717.15], [450.39, 718.61]
Frame 29: [421.32, 655.01], [445.59, 653.58], [422.12, 717.21], [450.56, 718.67]
Frame 30: [421.56, 654.98], [445.92, 653.47], [422.42, 717.20], [450.34, 718.65]
Frame 31: [421.73, 654.96], [446.08, 653.44], [422.64, 717.22], [450.38, 718.65]
Frame 32: [421.71, 654.95], [446.17, 653.48], [422.63, 717.21], [449.88, 718.70]
Frame 33: [421.72, 654.95], [446.16, 653.48], [422.64, 717.22], [449.91, 718.70]
Frame 34: [421.95, 654.87], [446.39, 653.45], [422.76, 717.31], [449.81, 718.68]
Frame 35: [422.14, 654.97], [446.51, 653.39], [423.32, 717.48], [449.98, 718.88]
Frame 36: [422.14, 654.98], [446.69, 653.36], [426.97, 718.00], [450.10, 718.88]
Frame 37: [422.14, 654.98], [446.69, 653.37], [426.97, 718.00], [450.11, 718.88]
Frame 38: [422.26, 655.04], [446.87, 653.33], [427.00, 717.98], [450.20, 718.90]
Frame 39: [422.45, 655.05], [447.03, 653.32], [433.76, 718.15], [450.14, 718.90]
Frame 40: [422.74, 655.16], [447.30, 653.29], [436.74, 719.33], [457.70, 720.17]
Frame 41: [422.79, 655.13], [447.40, 653.28], [427.80, 719.63], [457.69, 720.27]
Frame 42: [422.97, 655.15], [447.60, 653.10], [427.79, 719.61], [457.75, 720.30]
Frame 43: [422.97, 655.14], [447.60, 653.10], [427.78, 719.61], [457.75, 720.30]
Frame 44: [423.11, 655.11], [447.60, 653.10], [423.93, 716.57], [457.91, 720.28]
Frame 45: [423.35, 655.07], [447.82, 653.03], [423.63, 711.52], [447.16, 718.69]
Frame 46: [423.42, 655.03], [448.01, 652.98], [423.64, 711.40], [447.05, 718.67]
Frame 47: [423.49, 655.00], [448.02, 652.98], [423.71, 711.42], [447.04, 718.69]
Frame 48: [423.48, 655.00], [448.02, 652.98], [423.71, 711.42], [447.02, 718.69]
Frame 49: [423.66, 654.97], [448.27, 652.88], [423.90, 711.40], [447.13, 718.62]
Frame 50: [423.90, 654.69], [448.37, 652.49], [424.13, 711.09], [447.62, 718.43]
Frame 51: [424.00, 654.17], [448.54, 651.98], [424.31, 710.67], [447.36, 717.85]
Frame 52: [424.00, 654.17], [448.55, 651.98], [424.31, 710.67], [447.39, 717.85]
Frame 53: [424.09, 654.09], [448.65, 651.76], [424.39, 710.62], [447.65, 717.72]
Frame 54: [424.11, 653.74], [448.83, 651.50], [424.43, 710.22], [448.47, 717.61]
Frame 55: [424.33, 652.68], [449.06, 650.54], [424.77, 709.23], [448.65, 716.70]
Frame 56: [424.49, 652.27], [449.06, 650.09], [424.73, 708.67], [448.62, 716.42]
Frame 57: [424.50, 652.26], [449.23, 649.94], [424.86, 708.74], [448.83, 716.30]
Frame 58: [424.50, 652.25], [449.25, 649.91], [424.85, 708.73], [448.81, 716.31]
Frame 59: [424.53, 651.59], [449.23, 649.11], [424.98, 708.18], [448.79, 715.47]
Frame 60: [424.72, 650.48], [449.47, 648.17], [425.28, 707.20], [448.49, 714.53]
Frame 61: [424.84, 649.90], [449.66, 647.44], [425.28, 706.63], [448.71, 714.03]
Frame 62: [424.84, 649.89], [449.68, 647.32], [425.31, 706.62], [448.97, 714.04]
Frame 63: [424.84, 649.89], [449.70, 647.29], [425.29, 706.62], [448.98, 714.03]
Frame 64: [424.85, 649.36], [449.68, 646.82], [425.48, 706.11], [449.08, 713.48]
Frame 65: [425.07, 648.43], [449.86, 645.94], [425.64, 705.11], [448.94, 712.57]
Frame 66: [425.16, 648.00], [449.90, 645.69], [425.85, 704.77], [449.21, 712.35]
Frame 67: [425.16, 648.00], [449.89, 645.69], [425.85, 704.77], [449.18, 712.35]
Frame 68: [425.19, 647.98], [450.04, 645.39], [425.83, 704.72], [449.45, 712.23]
Frame 69: [425.21, 647.53], [450.10, 645.02], [425.82, 704.36], [449.43, 711.84]
Frame 70: [425.33, 646.82], [450.26, 644.33], [426.04, 703.74], [449.50, 711.32]
Frame 71: [425.40, 646.62], [450.26, 644.29], [426.07, 703.57], [450.64, 711.27]
Frame 72: [425.41, 646.44], [450.25, 643.88], [426.06, 703.45], [450.51, 711.20]
Frame 73: [425.42, 646.44], [450.25, 643.87], [426.06, 703.45], [450.52, 711.17]
Frame 74: [425.42, 646.30], [450.33, 643.67], [426.23, 703.22], [450.77, 710.91]
Frame 75: [425.55, 645.50], [450.52, 642.94], [426.40, 702.59], [450.56, 710.19]
Frame 76: [425.73, 645.22], [450.51, 642.74], [426.59, 702.30], [450.38, 709.84]
Frame 77: [425.74, 645.11], [450.51, 642.57], [426.59, 702.27], [450.68, 709.69]
Frame 78: [425.74, 645.11], [450.51, 642.57], [426.59, 702.27], [450.68, 709.69]
Frame 79: [425.78, 644.86], [450.50, 642.33], [426.56, 701.95], [450.89, 709.55]
Frame 80: [425.90, 644.36], [450.67, 641.97], [426.58, 701.58], [451.38, 709.26]
Frame 81: [425.93, 644.12], [450.67, 641.95], [426.72, 701.40], [451.76, 709.16]
Frame 82: [425.93, 644.12], [450.67, 641.95], [426.72, 701.40], [451.76, 709.16]
Frame 83: [425.93, 643.94], [450.69, 641.72], [426.69, 701.18], [452.47, 709.13]
Frame 84: [425.96, 643.83], [450.82, 641.43], [426.85, 700.99], [452.53, 709.03]
Frame 85: [426.19, 643.31], [450.94, 640.86], [427.06, 700.64], [452.60, 708.59]
Frame 86: [426.20, 643.16], [450.94, 640.70], [427.06, 700.47], [452.56, 708.45]
Frame 87: [426.18, 642.97], [450.94, 640.58], [427.11, 700.37], [453.10, 708.30]
Frame 88: [426.18, 642.97], [450.94, 640.58], [427.11, 700.37], [453.07, 708.30]
Frame 89: [426.21, 642.74], [451.11, 640.47], [427.27, 700.16], [453.32, 708.16]
Frame 90: [426.37, 642.28], [451.18, 639.95], [427.44, 699.70], [453.30, 707.73]
Frame 91: [426.53, 642.04], [451.34, 639.64], [427.53, 699.54], [453.58, 707.56]
Frame 92: [426.54, 642.04], [451.37, 639.66], [427.48, 699.46], [453.58, 707.48]
Frame 93: [426.54, 642.04], [451.37, 639.66], [427.48, 699.46], [453.59, 707.48]
Frame 94: [426.58, 641.65], [451.53, 639.22], [427.66, 699.13], [454.23, 707.34]
Frame 95: [426.74, 641.24], [451.70, 638.81], [427.89, 698.62], [454.77, 706.91]
Frame 96: [426.84, 641.06], [451.73, 638.62], [427.93, 698.57], [454.93, 706.81]
Frame 97: [426.85, 641.06], [451.73, 638.61], [427.92, 698.57], [454.93, 706.80]
Frame 98: [426.94, 640.95], [451.74, 638.54], [428.18, 698.52], [455.03, 706.77]
Frame 99: [426.94, 640.73], [451.90, 638.19], [428.19, 698.34], [455.06, 706.59]
Frame 100: [427.19, 640.33], [452.19, 637.76], [428.42, 697.88], [455.08, 706.10]
Frame 101: [427.36, 640.13], [452.19, 637.65], [428.52, 697.78], [455.58, 706.19]
Frame 102: [427.31, 639.98], [452.19, 637.44], [428.52, 697.73], [455.67, 706.12]
Frame 103: [427.32, 639.98], [452.19, 637.44], [428.51, 697.73], [455.67, 706.13]
Frame 104: [427.39, 639.89], [452.17, 637.23], [428.61, 697.54], [455.84, 705.88]
Frame 105: [427.70, 639.30], [452.54, 636.81], [428.77, 697.07], [455.97, 705.47]
Frame 106: [427.71, 639.09], [452.74, 636.47], [428.91, 696.88], [456.11, 705.41]
Frame 107: [427.75, 639.05], [452.78, 636.18], [428.96, 696.86], [455.99, 705.27]
Frame 108: [427.75, 639.05], [452.78, 636.18], [428.96, 696.86], [455.98, 705.27]
Frame 109: [427.88, 638.87], [452.79, 636.15], [429.23, 696.70], [456.40, 705.19]
Frame 110: [428.06, 638.50], [453.24, 635.48], [429.51, 696.29], [457.52, 704.89]
Frame 111: [428.19, 638.44], [453.28, 635.17], [429.53, 696.25], [457.56, 704.84]
Frame 112: [428.19, 638.44], [453.28, 635.16], [429.53, 696.25], [457.54, 704.83]
Frame 113: [428.26, 638.35], [453.33, 635.06], [429.71, 696.18], [458.24, 704.77]
Frame 114: [428.35, 638.39], [453.41, 635.02], [429.84, 696.22], [457.69, 704.72]
Frame 115: [428.47, 638.58], [453.88, 634.95], [430.09, 696.42], [457.97, 704.88]
Frame 116: [428.49, 638.60], [453.90, 634.97], [430.30, 696.54], [457.57, 705.07]
Frame 117: [428.57, 638.77], [454.01, 634.95], [430.42, 696.62], [457.72, 705.20]
Frame 118: [428.57, 638.77], [454.01, 634.95], [430.42, 696.62], [457.72, 705.20]
Frame 119: [428.58, 638.85], [454.10, 634.88], [430.57, 696.75], [457.69, 705.18]
Frame 120: [428.78, 638.98], [454.31, 634.84], [430.75, 696.94], [457.90, 705.40]
Frame 121: [429.01, 638.98], [454.54, 634.87], [430.92, 697.16], [458.01, 705.51]
Frame 122: [429.02, 639.09], [454.55, 634.89], [430.92, 697.18], [458.40, 705.58]
Frame 123: [429.02, 639.09], [454.55, 634.88], [430.91, 697.17], [458.39, 705.58]
Frame 124: [429.11, 639.15], [454.64, 634.87], [430.98, 697.20], [458.32, 705.58]
Frame 125: [429.22, 639.33], [454.80, 634.89], [431.14, 697.44], [458.82, 705.81]
Frame 126: [429.23, 639.36], [454.87, 634.95], [431.14, 697.45], [458.76, 705.88]
Frame 127: [429.23, 639.36], [454.87, 634.96], [431.14, 697.45], [458.77, 705.88]
Frame 128: [429.21, 639.43], [454.88, 634.94], [431.11, 697.57], [458.48, 705.90]
Frame 129: [429.17, 639.45], [454.98, 634.81], [431.28, 697.60], [458.33, 705.92]
