frame_idx : 0, dst_points: [368.00, 658.00], [398.00, 658.00], [369.00, 731.00], [400.00, 730.00]
frame_idx : 1, dst_points: [367.99, 657.97], [397.98, 657.97], [368.99, 730.98], [399.99, 729.98]
frame_idx : 2, dst_points: [368.02, 657.90], [398.01, 657.90], [369.08, 730.89], [400.06, 729.90]
frame_idx : 3, dst_points: [368.02, 657.90], [398.01, 657.90], [369.08, 730.89], [400.06, 729.90]
frame_idx : 4, dst_points: [368.10, 657.80], [398.09, 657.81], [369.22, 730.78], [400.20, 729.79]
frame_idx : 5, dst_points: [368.08, 657.74], [398.06, 657.74], [369.23, 730.69], [400.20, 729.70]
frame_idx : 6, dst_points: [368.11, 657.64], [398.09, 657.65], [369.30, 730.59], [400.26, 729.60]
frame_idx : 7, dst_points: [368.11, 657.64], [398.09, 657.65], [369.30, 730.59], [400.26, 729.60]
frame_idx : 8, dst_points: [368.13, 657.59], [398.10, 657.60], [369.33, 730.55], [400.29, 729.56]
frame_idx : 9, dst_points: [368.07, 657.51], [398.04, 657.52], [369.30, 730.49], [400.25, 729.50]
frame_idx : 10, dst_points: [368.23, 657.35], [398.20, 657.36], [369.49, 730.39], [400.44, 729.41]
frame_idx : 11, dst_points: [368.21, 657.33], [398.17, 657.34], [369.48, 730.38], [400.42, 729.40]
frame_idx : 12, dst_points: [368.24, 657.30], [398.20, 657.31], [369.51, 730.38], [400.45, 729.40]
frame_idx : 13, dst_points: [368.24, 657.30], [398.20, 657.31], [369.51, 730.38], [400.45, 729.40]
frame_idx : 14, dst_points: [368.34, 657.25], [398.31, 657.27], [369.66, 730.34], [400.59, 729.36]
frame_idx : 15, dst_points: [368.58, 657.21], [398.54, 657.22], [369.90, 730.40], [400.83, 729.41]
frame_idx : 16, dst_points: [368.86, 657.29], [398.83, 657.30], [370.24, 730.53], [401.18, 729.54]
frame_idx : 17, dst_points: [368.94, 657.26], [398.90, 657.27], [370.33, 730.51], [401.26, 729.53]
frame_idx : 18, dst_points: [368.94, 657.26], [398.90, 657.27], [370.33, 730.51], [401.26, 729.53]
frame_idx : 19, dst_points: [369.23, 657.30], [399.20, 657.31], [370.69, 730.59], [401.63, 729.59]
frame_idx : 20, dst_points: [369.58, 657.22], [399.55, 657.23], [371.12, 730.54], [402.06, 729.54]
frame_idx : 21, dst_points: [369.89, 657.23], [399.86, 657.23], [371.50, 730.56], [402.43, 729.55]
frame_idx : 22, dst_points: [369.89, 657.24], [399.86, 657.24], [371.49, 730.57], [402.43, 729.56]
frame_idx : 23, dst_points: [369.95, 657.19], [399.92, 657.20], [371.56, 730.53], [402.49, 729.53]
frame_idx : 24, dst_points: [370.24, 657.20], [400.22, 657.20], [371.92, 730.59], [402.86, 729.58]
frame_idx : 25, dst_points: [370.68, 657.18], [400.67, 657.18], [372.42, 730.65], [403.37, 729.64]
frame_idx : 26, dst_points: [371.17, 657.23], [401.17, 657.21], [373.03, 730.70], [403.99, 729.67]
frame_idx : 27, dst_points: [371.24, 657.25], [401.23, 657.24], [373.10, 730.75], [404.06, 729.72]
frame_idx : 28, dst_points: [371.24, 657.25], [401.24, 657.24], [373.11, 730.75], [404.06, 729.72]
frame_idx : 29, dst_points: [371.67, 657.29], [401.68, 657.27], [373.65, 730.78], [404.61, 729.75]
frame_idx : 30, dst_points: [372.06, 657.30], [402.07, 657.28], [374.10, 730.91], [405.06, 729.87]
frame_idx : 31, dst_points: [372.24, 657.41], [402.25, 657.40], [374.34, 731.05], [405.30, 730.02]
frame_idx : 32, dst_points: [372.32, 657.42], [402.33, 657.41], [374.44, 731.08], [405.40, 730.05]
frame_idx : 33, dst_points: [372.32, 657.42], [402.33, 657.41], [374.44, 731.08], [405.40, 730.05]
frame_idx : 34, dst_points: [372.57, 657.58], [402.58, 657.58], [374.77, 731.25], [405.72, 730.23]
frame_idx : 35, dst_points: [372.70, 657.71], [402.70, 657.71], [374.90, 731.49], [405.85, 730.47]
frame_idx : 36, dst_points: [372.84, 657.88], [402.84, 657.88], [375.14, 731.66], [406.07, 730.65]
frame_idx : 37, dst_points: [372.84, 657.87], [402.84, 657.88], [375.14, 731.66], [406.07, 730.64]
frame_idx : 38, dst_points: [372.92, 657.87], [402.92, 657.87], [375.22, 731.68], [406.15, 730.67]
frame_idx : 39, dst_points: [373.11, 658.05], [403.10, 658.06], [375.48, 731.90], [406.40, 730.90]
frame_idx : 40, dst_points: [373.55, 658.22], [403.55, 658.22], [375.96, 732.24], [406.89, 731.23]
frame_idx : 41, dst_points: [373.84, 658.28], [403.84, 658.29], [376.33, 732.32], [407.26, 731.31]
frame_idx : 42, dst_points: [373.94, 658.27], [403.94, 658.27], [376.43, 732.34], [407.36, 731.32]
frame_idx : 43, dst_points: [373.94, 658.27], [403.94, 658.27], [376.43, 732.34], [407.36, 731.32]
frame_idx : 44, dst_points: [374.27, 658.26], [404.28, 658.26], [376.85, 732.35], [407.78, 731.33]
frame_idx : 45, dst_points: [374.85, 658.13], [404.87, 658.12], [377.51, 732.32], [408.45, 731.29]
frame_idx : 46, dst_points: [375.26, 658.13], [405.29, 658.11], [378.01, 732.30], [408.96, 731.25]
frame_idx : 47, dst_points: [375.33, 658.09], [405.36, 658.08], [378.09, 732.29], [409.04, 731.24]
frame_idx : 48, dst_points: [375.33, 658.09], [405.36, 658.08], [378.09, 732.29], [409.04, 731.25]
frame_idx : 49, dst_points: [375.71, 658.03], [405.74, 658.01], [378.54, 732.25], [409.50, 731.20]
frame_idx : 50, dst_points: [376.14, 657.69], [406.18, 657.66], [379.02, 731.99], [409.98, 730.93]
frame_idx : 51, dst_points: [376.38, 657.12], [406.42, 657.08], [379.36, 731.40], [410.31, 730.33]
frame_idx : 52, dst_points: [376.38, 657.12], [406.42, 657.08], [379.36, 731.40], [410.31, 730.33]
frame_idx : 53, dst_points: [376.40, 657.08], [406.44, 657.05], [379.38, 731.37], [410.33, 730.30]
frame_idx : 54, dst_points: [376.59, 656.50], [406.63, 656.46], [379.63, 730.77], [410.58, 729.69]
frame_idx : 55, dst_points: [376.77, 655.37], [406.81, 655.32], [379.80, 729.71], [410.75, 728.63]
frame_idx : 56, dst_points: [376.85, 654.82], [406.89, 654.76], [379.92, 729.14], [410.87, 728.05]
frame_idx : 57, dst_points: [376.89, 654.79], [406.93, 654.73], [379.97, 729.13], [410.92, 728.04]
frame_idx : 58, dst_points: [376.89, 654.79], [406.93, 654.73], [379.97, 729.13], [410.92, 728.04]
frame_idx : 59, dst_points: [377.05, 654.07], [407.09, 654.01], [380.21, 728.37], [411.15, 727.28]
frame_idx : 60, dst_points: [377.36, 652.85], [407.40, 652.78], [380.61, 727.15], [411.56, 726.05]
frame_idx : 61, dst_points: [377.59, 652.12], [407.64, 652.05], [380.93, 726.40], [411.88, 725.28]
frame_idx : 62, dst_points: [377.63, 652.09], [407.68, 652.01], [380.98, 726.37], [411.92, 725.25]
frame_idx : 63, dst_points: [377.63, 652.09], [407.68, 652.01], [380.99, 726.37], [411.93, 725.25]
frame_idx : 64, dst_points: [377.87, 651.54], [407.92, 651.46], [381.30, 725.81], [412.24, 724.68]
frame_idx : 65, dst_points: [378.16, 650.34], [408.21, 650.26], [381.73, 724.60], [412.66, 723.47]
frame_idx : 66, dst_points: [378.44, 649.89], [408.49, 649.79], [382.09, 724.14], [413.03, 723.00]
frame_idx : 67, dst_points: [378.44, 649.89], [408.49, 649.79], [382.09, 724.13], [413.03, 722.99]
frame_idx : 68, dst_points: [378.44, 649.87], [408.49, 649.78], [382.10, 724.13], [413.03, 722.99]
frame_idx : 69, dst_points: [378.60, 649.40], [408.66, 649.30], [382.35, 723.66], [413.28, 722.52]
frame_idx : 70, dst_points: [378.65, 648.68], [408.71, 648.57], [382.42, 723.01], [413.35, 721.86]
frame_idx : 71, dst_points: [378.83, 648.47], [408.89, 648.36], [382.67, 722.79], [413.60, 721.64]
frame_idx : 72, dst_points: [378.87, 648.40], [408.93, 648.30], [382.73, 722.73], [413.66, 721.58]
frame_idx : 73, dst_points: [378.87, 648.40], [408.93, 648.30], [382.73, 722.73], [413.66, 721.58]
frame_idx : 74, dst_points: [379.05, 648.22], [409.11, 648.11], [383.00, 722.51], [413.92, 721.36]
frame_idx : 75, dst_points: [379.29, 647.61], [409.33, 647.52], [383.39, 721.90], [414.28, 720.76]
frame_idx : 76, dst_points: [379.47, 647.41], [409.51, 647.32], [383.69, 721.65], [414.56, 720.52]
frame_idx : 77, dst_points: [379.50, 647.39], [409.53, 647.31], [383.72, 721.65], [414.59, 720.52]
frame_idx : 78, dst_points: [379.49, 647.39], [409.53, 647.31], [383.71, 721.64], [414.59, 720.52]
frame_idx : 79, dst_points: [379.64, 647.22], [409.66, 647.14], [383.95, 721.46], [414.81, 720.33]
frame_idx : 80, dst_points: [379.78, 646.92], [409.78, 646.85], [384.18, 721.13], [415.01, 720.02]
frame_idx : 81, dst_points: [379.86, 646.83], [409.86, 646.77], [384.35, 721.02], [415.16, 719.91]
frame_idx : 82, dst_points: [379.86, 646.83], [409.86, 646.77], [384.35, 721.02], [415.16, 719.91]
frame_idx : 83, dst_points: [379.90, 646.73], [409.89, 646.67], [384.39, 720.92], [415.20, 719.82]
frame_idx : 84, dst_points: [379.98, 646.72], [409.95, 646.67], [384.52, 720.91], [415.31, 719.82]
frame_idx : 85, dst_points: [380.09, 646.43], [410.05, 646.38], [384.68, 720.67], [415.44, 719.58]
frame_idx : 86, dst_points: [380.16, 646.39], [410.12, 646.34], [384.80, 720.64], [415.55, 719.56]
frame_idx : 87, dst_points: [380.21, 646.29], [410.17, 646.25], [384.85, 720.56], [415.60, 719.47]
frame_idx : 88, dst_points: [380.21, 646.29], [410.16, 646.25], [384.85, 720.56], [415.60, 719.47]
frame_idx : 89, dst_points: [380.30, 646.17], [410.25, 646.13], [384.99, 720.44], [415.73, 719.37]
frame_idx : 90, dst_points: [380.50, 645.86], [410.44, 645.82], [385.26, 720.20], [415.98, 719.13]
frame_idx : 91, dst_points: [380.58, 645.69], [410.52, 645.65], [385.36, 720.07], [416.08, 718.99]
frame_idx : 92, dst_points: [380.60, 645.66], [410.53, 645.62], [385.38, 720.05], [416.10, 718.98]
frame_idx : 93, dst_points: [380.60, 645.65], [410.53, 645.62], [385.38, 720.05], [416.10, 718.98]
frame_idx : 94, dst_points: [380.73, 645.41], [410.66, 645.37], [385.58, 719.82], [416.29, 718.74]
frame_idx : 95, dst_points: [380.99, 644.93], [410.91, 644.89], [385.90, 719.38], [416.60, 718.29]
frame_idx : 96, dst_points: [381.16, 644.78], [411.08, 644.73], [386.12, 719.25], [416.82, 718.16]
frame_idx : 97, dst_points: [381.15, 644.78], [411.07, 644.73], [386.12, 719.26], [416.82, 718.16]
frame_idx : 98, dst_points: [381.23, 644.72], [411.14, 644.67], [386.20, 719.21], [416.90, 718.12]
frame_idx : 99, dst_points: [381.35, 644.48], [411.26, 644.43], [386.37, 719.01], [417.05, 717.91]
frame_idx : 100, dst_points: [381.69, 643.97], [411.61, 643.91], [386.76, 718.59], [417.45, 717.48]
frame_idx : 101, dst_points: [381.93, 643.68], [411.85, 643.62], [387.06, 718.33], [417.75, 717.22]
frame_idx : 102, dst_points: [381.95, 643.57], [411.87, 643.52], [387.08, 718.23], [417.77, 717.12]
frame_idx : 103, dst_points: [381.95, 643.57], [411.87, 643.52], [387.08, 718.23], [417.77, 717.12]
frame_idx : 104, dst_points: [382.16, 643.24], [412.08, 643.18], [387.33, 717.93], [418.03, 716.82]
frame_idx : 105, dst_points: [382.64, 642.66], [412.58, 642.60], [387.85, 717.48], [418.56, 716.36]
frame_idx : 106, dst_points: [382.98, 642.40], [412.92, 642.33], [388.28, 717.25], [419.00, 716.12]
frame_idx : 107, dst_points: [383.04, 642.29], [412.98, 642.22], [388.36, 717.13], [419.07, 715.99]
frame_idx : 108, dst_points: [383.04, 642.29], [412.98, 642.22], [388.36, 717.12], [419.07, 715.99]
frame_idx : 109, dst_points: [383.53, 642.01], [413.49, 641.94], [388.94, 716.88], [419.66, 715.74]
frame_idx : 110, dst_points: [384.22, 641.66], [414.19, 641.57], [389.79, 716.53], [420.51, 715.38]
frame_idx : 111, dst_points: [384.61, 641.51], [414.59, 641.42], [390.25, 716.39], [420.97, 715.23]
frame_idx : 112, dst_points: [384.61, 641.51], [414.59, 641.42], [390.25, 716.39], [420.97, 715.23]
frame_idx : 113, dst_points: [384.67, 641.45], [414.64, 641.36], [390.32, 716.33], [421.05, 715.17]
frame_idx : 114, dst_points: [385.17, 641.41], [415.16, 641.32], [390.90, 716.33], [421.64, 715.16]
frame_idx : 115, dst_points: [385.62, 641.51], [415.60, 641.41], [391.53, 716.37], [422.25, 715.20]
frame_idx : 116, dst_points: [385.79, 641.53], [415.77, 641.43], [391.73, 716.40], [422.45, 715.23]
frame_idx : 117, dst_points: [385.83, 641.57], [415.82, 641.47], [391.78, 716.48], [422.51, 715.31]
frame_idx : 118, dst_points: [385.84, 641.58], [415.82, 641.48], [391.79, 716.48], [422.51, 715.31]
frame_idx : 119, dst_points: [386.06, 641.63], [416.05, 641.52], [392.05, 716.53], [422.78, 715.35]
frame_idx : 120, dst_points: [386.32, 641.76], [416.32, 641.65], [392.24, 716.79], [422.98, 715.59]
frame_idx : 121, dst_points: [386.72, 641.80], [416.72, 641.68], [392.72, 716.82], [423.46, 715.62]
frame_idx : 122, dst_points: [386.74, 641.80], [416.74, 641.68], [392.74, 716.83], [423.48, 715.62]
frame_idx : 123, dst_points: [386.74, 641.80], [416.74, 641.68], [392.74, 716.83], [423.48, 715.62]
frame_idx : 124, dst_points: [387.08, 641.74], [417.09, 641.62], [393.17, 716.73], [423.90, 715.52]
frame_idx : 125, dst_points: [387.43, 641.86], [417.44, 641.73], [393.60, 716.83], [424.33, 715.62]
frame_idx : 126, dst_points: [387.24, 641.79], [417.23, 641.66], [393.42, 716.78], [424.13, 715.57]
frame_idx : 127, dst_points: [387.24, 641.79], [417.23, 641.66], [393.42, 716.78], [424.13, 715.57]
frame_idx : 128, dst_points: [387.26, 641.82], [417.24, 641.69], [393.43, 716.83], [424.15, 715.61]
frame_idx : 129, dst_points: [387.21, 641.80], [417.19, 641.67], [393.41, 716.82], [424.11, 715.60]
