frame_idx : 1, dst_points: [[283.03, 143.97], [295.04, 141.00], [281.03, 154.98], [294.05, 151.99]]
frame_idx : 2, dst_points: [[285.95, 145.55], [289.43, 144.65], [286.38, 149.31], [289.91, 151.27]]
frame_idx : 3, dst_points: [[287.58, 146.73], [289.43, 142.52], [286.11, 151.57], [288.27, 148.79]]
frame_idx : 4, dst_points: [[287.45, 146.56], [289.67, 142.32], [288.35, 148.28], [288.07, 150.67]]
frame_idx : 5, dst_points: [[287.55, 145.91], [289.87, 142.29], [287.09, 149.24], [288.68, 149.03]]
frame_idx : 6, dst_points: [[287.43, 146.25], [290.09, 142.24], [287.39, 148.86], [289.13, 149.23]]
frame_idx : 7, dst_points: [[288.01, 145.17], [289.04, 142.68], [287.47, 149.88], [288.42, 148.81]]
frame_idx : 8, dst_points: [[287.25, 146.40], [289.68, 142.30], [287.55, 148.83], [288.54, 149.80]]
frame_idx : 9, dst_points: [[287.90, 145.64], [289.89, 142.29], [287.41, 149.59], [288.90, 149.15]]
frame_idx : 10, dst_points: [[287.51, 146.21], [290.03, 142.25], [287.41, 148.83], [289.14, 149.14]]
frame_idx : 11, dst_points: [[297.44, 166.31], [292.44, 167.54], [300.56, 166.53], [294.54, 171.76]]
frame_idx : 12, dst_points: [[282.05, 148.78], [291.80, 159.56], [299.99, 166.92], [291.67, 169.83]]
frame_idx : 13, dst_points: [[283.43, 156.35], [282.38, 154.05], [290.39, 157.51], [291.17, 168.14]]
frame_idx : 14, dst_points: [[287.02, 165.01], [295.05, 166.44], [287.24, 160.92], [284.73, 161.70]]
frame_idx : 15, dst_points: [[282.09, 161.32], [295.30, 152.46], [287.28, 166.89], [283.93, 168.99]]
frame_idx : 16, dst_points: [[292.89, 148.24], [294.74, 158.09], [288.34, 170.67], [290.91, 159.42]]
frame_idx : 17, dst_points: [[292.10, 168.56], [293.88, 172.61], [297.19, 159.30], [291.28, 161.36]]
frame_idx : 18, dst_points: [[281.76, 169.05], [287.14, 164.28], [281.29, 156.90], [289.95, 170.12]]
frame_idx : 19, dst_points: [[287.42, 165.50], [297.43, 173.44], [284.32, 177.50], [292.37, 170.56]]
frame_idx : 20, dst_points: [[281.18, 162.06], [302.31, 170.14], [293.77, 178.85], [299.17, 171.72]]
frame_idx : 21, dst_points: [[284.82, 165.71], [297.38, 159.88], [283.07, 163.85], [279.12, 160.04]]
frame_idx : 22, dst_points: [[289.90, 160.67], [296.90, 154.02], [288.67, 166.40], [289.38, 164.19]]
frame_idx : 23, dst_points: [[290.66, 152.79], [289.19, 161.64], [294.76, 157.39], [288.70, 164.45]]
frame_idx : 24, dst_points: [[290.84, 172.06], [302.03, 172.54], [294.34, 157.24], [290.03, 165.58]]
frame_idx : 25, dst_points: [[278.35, 171.42], [291.45, 174.13], [280.18, 173.97], [291.66, 169.79]]
frame_idx : 26, dst_points: [[283.80, 165.34], [294.78, 164.40], [280.98, 173.40], [295.45, 166.36]]
frame_idx : 27, dst_points: [[280.38, 154.25], [290.63, 154.85], [289.84, 170.55], [292.48, 170.71]]
frame_idx : 28, dst_points: [[284.04, 154.57], [282.32, 164.13], [286.14, 160.05], [275.64, 155.45]]
frame_idx : 29, dst_points: [[283.96, 163.97], [286.63, 155.56], [279.41, 160.33], [269.78, 155.00]]
frame_idx : 30, dst_points: [[272.52, 162.86], [287.08, 163.07], [280.31, 160.70], [272.11, 158.57]]
frame_idx : 31, dst_points: [[296.40, 163.01], [302.00, 152.50], [278.34, 162.05], [282.97, 157.53]]
frame_idx : 32, dst_points: [[283.19, 159.99], [287.82, 159.72], [284.20, 158.90], [294.09, 157.32]]
frame_idx : 33, dst_points: [[280.98, 162.06], [291.75, 159.52], [300.31, 159.78], [284.92, 159.51]]
frame_idx : 34, dst_points: [[285.04, 160.94], [295.77, 154.97], [299.60, 159.25], [279.30, 160.60]]
frame_idx : 35, dst_points: [[279.78, 143.45], [276.88, 147.73], [272.46, 143.64], [287.42, 144.18]]
frame_idx : 36, dst_points: [[271.77, 127.47], [321.58, 125.90], [313.64, 130.12], [334.39, 128.72]]
frame_idx : 37, dst_points: [[307.98, 134.76], [322.09, 132.18], [325.21, 133.32], [316.21, 121.95]]
frame_idx : 38, dst_points: [[311.33, 130.03], [295.08, 127.86], [331.91, 130.67], [364.50, 133.75]]
frame_idx : 39, dst_points: [[318.60, 127.48], [336.63, 131.06], [330.66, 130.62], [324.41, 129.05]]
frame_idx : 40, dst_points: [[339.45, 131.86], [334.86, 130.13], [337.54, 131.98], [306.29, 124.27]]
frame_idx : 41, dst_points: [[310.73, 126.71], [343.78, 128.94], [338.93, 130.84], [327.68, 128.64]]
frame_idx : 42, dst_points: [[337.44, 123.93], [330.04, 129.11], [328.33, 126.58], [333.05, 129.06]]
frame_idx : 43, dst_points: [[332.66, 133.49], [345.36, 128.56], [343.29, 126.42], [329.39, 122.17]]
frame_idx : 44, dst_points: [[333.84, 123.72], [310.16, 126.80], [337.76, 130.70], [341.21, 132.61]]
frame_idx : 45, dst_points: [[235.82, 144.05], [241.37, 142.86], [240.42, 150.04], [246.37, 148.50]]
frame_idx : 46, dst_points: [[323.13, 131.25], [334.54, 129.96], [332.78, 134.49], [345.53, 133.31]]
frame_idx : 47, dst_points: [[334.43, 133.54], [334.60, 135.56], [333.49, 133.20], [301.74, 131.17]]
frame_idx : 48, dst_points: [[337.57, 132.52], [326.04, 136.80], [323.26, 134.83], [331.66, 133.40]]
frame_idx : 49, dst_points: [[344.35, 130.27], [342.52, 131.74], [345.17, 134.03], [322.92, 133.08]]
frame_idx : 50, dst_points: [[334.91, 130.97], [335.52, 135.07], [325.48, 145.89], [346.52, 148.83]]
frame_idx : 51, dst_points: [[322.96, 145.54], [334.16, 139.84], [331.81, 143.75], [334.55, 134.11]]
frame_idx : 52, dst_points: [[326.16, 138.14], [329.04, 145.16], [332.04, 142.14], [327.92, 145.44]]
frame_idx : 53, dst_points: [[283.26, 143.99], [323.89, 142.51], [281.00, 154.59], [319.70, 156.22]]
frame_idx : 54, dst_points: [[324.04, 149.13], [346.29, 148.53], [327.16, 152.05], [340.82, 164.96]]
frame_idx : 55, dst_points: [[331.95, 133.56], [305.31, 140.44], [323.81, 134.37], [328.08, 156.79]]
frame_idx : 56, dst_points: [[335.52, 132.42], [304.26, 137.14], [307.96, 135.22], [330.61, 132.61]]
frame_idx : 57, dst_points: [[321.87, 132.90], [306.77, 135.43], [306.06, 138.31], [327.58, 132.73]]
frame_idx : 58, dst_points: [[249.29, 144.66], [257.30, 142.19], [249.24, 153.96], [257.98, 151.39]]
frame_idx : 59, dst_points: [[381.86, 125.74], [398.61, 123.66], [390.34, 130.32], [408.59, 128.26]]
frame_idx : 60, dst_points: [[204.22, 143.53], [208.09, 141.67], [206.07, 150.52], [210.32, 148.56]]
frame_idx : 61, dst_points: [[207.05, 180.55], [208.63, 181.42], [213.10, 181.89], [214.58, 182.80]]
frame_idx : 62, dst_points: [[316.26, 129.93], [326.81, 128.63], [325.67, 132.96], [337.34, 131.56]]
frame_idx : 63, dst_points: [[325.78, 130.43], [326.08, 130.18], [327.05, 127.68], [323.69, 131.50]]
frame_idx : 64, dst_points: [[310.24, 139.33], [323.12, 137.06], [317.15, 139.94], [330.24, 136.04]]
frame_idx : 65, dst_points: [[330.40, 135.24], [335.50, 134.77], [334.66, 137.83], [308.11, 141.03]]
frame_idx : 66, dst_points: [[327.09, 139.30], [339.42, 136.12], [336.90, 137.01], [324.82, 136.69]]
frame_idx : 67, dst_points: [[337.53, 139.07], [317.57, 140.49], [319.81, 138.37], [313.42, 138.53]]
frame_idx : 68, dst_points: [[320.49, 138.66], [333.11, 138.59], [334.06, 142.06], [325.73, 132.13]]
frame_idx : 69, dst_points: [[325.03, 136.60], [329.38, 135.51], [327.75, 133.66], [330.27, 129.89]]
frame_idx : 70, dst_points: [[278.92, 147.57], [304.36, 144.38], [278.65, 160.99], [293.55, 159.72]]
frame_idx : 71, dst_points: [[304.89, 152.42], [327.63, 128.56], [319.03, 133.08], [320.75, 128.83]]
frame_idx : 72, dst_points: [[302.59, 138.12], [307.54, 133.47], [307.57, 149.94], [324.70, 135.42]]
frame_idx : 73, dst_points: [[311.06, 138.27], [323.63, 132.74], [320.04, 136.65], [296.41, 135.34]]
frame_idx : 74, dst_points: [[310.12, 141.76], [333.33, 139.44], [318.02, 147.01], [360.34, 138.15]]
frame_idx : 75, dst_points: [[324.53, 145.47], [334.63, 144.09], [331.96, 144.84], [329.82, 135.56]]
frame_idx : 76, dst_points: [[333.62, 137.17], [340.67, 122.95], [334.21, 136.16], [344.80, 123.89]]
frame_idx : 77, dst_points: [[341.54, 129.93], [336.44, 133.06], [334.69, 128.82], [336.64, 123.93]]
frame_idx : 78, dst_points: [[343.95, 133.10], [337.62, 124.98], [336.40, 119.41], [336.58, 124.25]]
frame_idx : 79, dst_points: [[335.23, 120.59], [340.56, 119.44], [338.45, 124.50], [336.87, 121.47]]
frame_idx : 80, dst_points: [[346.32, 121.09], [387.27, 118.36], [380.49, 125.10], [397.76, 122.76]]
frame_idx : 81, dst_points: [[262.10, 139.21], [268.45, 138.37], [269.92, 140.55], [277.24, 140.04]]
frame_idx : 82, dst_points: [[323.88, 134.01], [335.90, 132.84], [333.98, 137.37], [347.33, 136.27]]
frame_idx : 83, dst_points: [[343.99, 131.78], [333.66, 136.57], [335.63, 134.58], [336.63, 133.84]]
frame_idx : 84, dst_points: [[291.46, 132.80], [319.60, 131.67], [323.01, 135.02], [341.92, 129.48]]
frame_idx : 85, dst_points: [[318.50, 135.72], [329.99, 134.80], [325.30, 132.75], [336.26, 130.85]]
frame_idx : 86, dst_points: [[341.56, 128.26], [339.61, 129.64], [338.70, 130.86], [319.15, 133.43]]
frame_idx : 87, dst_points: [[337.57, 132.11], [323.07, 131.65], [321.25, 135.36], [330.13, 129.01]]
frame_idx : 88, dst_points: [[342.20, 127.27], [332.93, 130.23], [332.76, 127.44], [327.37, 128.14]]
frame_idx : 89, dst_points: [[346.46, 127.38], [327.74, 126.81], [332.44, 127.29], [330.38, 131.47]]
frame_idx : 90, dst_points: [[355.02, 137.21], [333.38, 122.82], [329.98, 126.75], [334.96, 124.13]]
frame_idx : 91, dst_points: [[348.92, 123.62], [337.12, 123.27], [336.20, 119.83], [338.99, 126.05]]
frame_idx : 92, dst_points: [[342.89, 131.72], [339.69, 120.92], [343.95, 115.12], [340.57, 120.51]]
frame_idx : 93, dst_points: [[345.33, 130.32], [339.93, 130.30], [335.27, 128.53], [342.40, 119.70]]
frame_idx : 94, dst_points: [[345.27, 126.99], [341.99, 128.54], [342.14, 132.22], [358.35, 130.09]]
frame_idx : 95, dst_points: [[339.52, 130.08], [324.78, 129.23], [326.63, 133.79], [361.81, 132.06]]
frame_idx : 96, dst_points: [[336.14, 130.13], [335.68, 131.43], [330.87, 127.16], [337.59, 134.29]]
frame_idx : 97, dst_points: [[332.59, 132.79], [344.47, 135.73], [346.33, 135.79], [330.81, 127.05]]
frame_idx : 98, dst_points: [[339.12, 131.57], [337.59, 133.28], [335.59, 130.00], [336.40, 134.00]]
frame_idx : 99, dst_points: [[336.79, 129.16], [331.67, 131.85], [337.66, 127.60], [330.98, 136.63]]
frame_idx : 100, dst_points: [[333.90, 132.91], [331.15, 131.92], [328.10, 133.49], [327.42, 137.93]]
frame_idx : 101, dst_points: [[340.18, 125.49], [331.59, 135.22], [332.48, 129.17], [323.37, 135.72]]
frame_idx : 102, dst_points: [[261.08, 144.20], [267.67, 143.73], [269.44, 145.98], [276.81, 145.67]]
frame_idx : 103, dst_points: [[323.56, 130.36], [335.07, 129.01], [333.27, 133.60], [346.04, 132.23]]
frame_idx : 104, dst_points: [[358.17, 148.94], [334.07, 127.50], [303.91, 162.33], [329.66, 134.99]]
frame_idx : 105, dst_points: [[350.91, 128.38], [372.56, 124.44], [363.82, 142.82], [377.18, 128.30]]
frame_idx : 106, dst_points: [[348.18, 132.55], [337.56, 131.01], [329.98, 135.62], [353.63, 132.44]]
frame_idx : 107, dst_points: [[362.67, 130.21], [340.45, 133.01], [335.86, 134.02], [338.86, 130.31]]
frame_idx : 108, dst_points: [[346.23, 128.96], [337.77, 125.36], [335.37, 129.91], [345.24, 130.13]]
frame_idx : 109, dst_points: [[357.17, 124.56], [395.61, 122.41], [387.71, 129.01], [405.99, 126.89]]
frame_idx : 110, dst_points: [[301.43, 136.76], [311.16, 135.95], [311.08, 139.53], [336.86, 138.79]]
frame_idx : 111, dst_points: [[301.57, 138.37], [321.80, 134.97], [324.10, 134.03], [320.40, 140.84]]
frame_idx : 112, dst_points: [[321.45, 137.25], [310.69, 134.21], [314.27, 138.66], [330.02, 135.62]]
frame_idx : 113, dst_points: [[327.23, 139.20], [325.37, 135.68], [326.18, 136.71], [301.43, 139.35]]
frame_idx : 114, dst_points: [[307.56, 136.24], [304.92, 138.79], [304.60, 140.62], [310.71, 129.92]]
frame_idx : 115, dst_points: [[305.50, 134.53], [313.95, 132.12], [315.33, 132.04], [308.03, 133.70]]
frame_idx : 116, dst_points: [[304.24, 134.14], [306.94, 127.49], [308.93, 131.22], [355.87, 135.95]]
frame_idx : 117, dst_points: [[273.82, 151.65], [313.24, 127.67], [289.73, 143.67], [290.54, 147.38]]
frame_idx : 118, dst_points: [[286.12, 145.31], [290.15, 143.09], [279.51, 150.96], [289.26, 148.26]]
frame_idx : 119, dst_points: [[288.67, 147.90], [283.15, 146.37], [285.51, 145.80], [284.06, 148.57]]
frame_idx : 120, dst_points: [[287.18, 148.50], [287.84, 144.14], [285.56, 147.95], [285.73, 150.10]]
frame_idx : 121, dst_points: [[287.21, 148.40], [289.77, 142.59], [286.73, 147.96], [286.55, 150.60]]
frame_idx : 122, dst_points: [[288.25, 146.09], [289.01, 142.67], [288.27, 145.24], [286.89, 149.94]]
frame_idx : 123, dst_points: [[287.57, 146.33], [289.32, 143.05], [288.35, 144.70], [287.20, 150.00]]
frame_idx : 124, dst_points: [[288.29, 145.83], [289.03, 142.67], [287.28, 148.21], [286.49, 149.85]]
frame_idx : 125, dst_points: [[287.87, 146.76], [288.46, 143.09], [288.66, 144.95], [286.11, 150.29]]
frame_idx : 126, dst_points: [[286.28, 148.27], [290.73, 141.76], [287.43, 148.34], [287.83, 150.35]]
frame_idx : 127, dst_points: [[288.49, 146.09], [289.06, 142.78], [289.41, 143.74], [287.00, 149.62]]
frame_idx : 128, dst_points: [[287.72, 146.44], [289.09, 142.83], [288.55, 145.70], [286.97, 149.98]]
frame_idx : 129, dst_points: [[287.29, 146.54], [288.73, 142.90], [288.46, 145.57], [286.71, 150.03]]
frame_idx : 130, dst_points: [[286.20, 147.12], [289.17, 142.82], [287.12, 146.12], [287.06, 150.25]]
frame_idx : 131, dst_points: [[287.16, 145.06], [289.53, 142.45], [286.42, 147.89], [287.47, 149.53]]
frame_idx : 132, dst_points: [[288.40, 145.59], [288.81, 142.46], [287.85, 147.09], [286.47, 149.79]]
frame_idx : 133, dst_points: [[286.87, 146.94], [289.66, 142.57], [287.52, 146.86], [287.29, 150.11]]
frame_idx : 134, dst_points: [[288.11, 145.97], [288.84, 142.58], [287.38, 147.49], [286.63, 149.94]]
frame_idx : 135, dst_points: [[286.38, 146.93], [289.24, 142.77], [287.16, 147.16], [286.45, 150.61]]
frame_idx : 136, dst_points: [[287.97, 145.98], [288.10, 142.58], [287.25, 147.64], [286.49, 150.16]]
frame_idx : 137, dst_points: [[286.68, 146.93], [288.84, 142.35], [287.21, 147.62], [286.94, 150.10]]
frame_idx : 138, dst_points: [[287.08, 146.76], [288.64, 142.34], [287.23, 147.43], [286.68, 150.21]]
frame_idx : 139, dst_points: [[286.64, 147.06], [288.88, 142.31], [287.30, 147.46], [286.97, 150.30]]
frame_idx : 140, dst_points: [[287.56, 146.83], [288.42, 142.39], [288.01, 147.31], [286.07, 150.35]]
frame_idx : 141, dst_points: [[287.53, 147.05], [288.48, 142.48], [288.25, 147.49], [285.66, 150.47]]
frame_idx : 142, dst_points: [[287.58, 146.87], [288.44, 142.49], [288.35, 147.13], [285.48, 150.60]]
frame_idx : 143, dst_points: [[287.15, 146.93], [288.64, 142.49], [288.15, 146.96], [285.84, 150.51]]
frame_idx : 144, dst_points: [[287.01, 146.66], [288.55, 142.53], [288.64, 146.84], [285.64, 150.52]]
frame_idx : 145, dst_points: [[287.14, 146.75], [288.73, 142.74], [288.84, 146.43], [285.86, 150.22]]
frame_idx : 146, dst_points: [[287.10, 146.62], [289.25, 142.73], [288.88, 146.29], [286.30, 150.56]]
frame_idx : 147, dst_points: [[287.76, 146.62], [289.16, 142.82], [289.37, 146.45], [286.42, 150.36]]
frame_idx : 148, dst_points: [[287.79, 146.47], [288.77, 143.15], [289.10, 146.31], [285.57, 150.25]]
frame_idx : 149, dst_points: [[287.04, 146.85], [289.59, 142.82], [288.18, 147.71], [285.84, 150.07]]
frame_idx : 150, dst_points: [[287.59, 146.56], [289.11, 143.09], [288.92, 145.67], [286.11, 150.24]]
frame_idx : 151, dst_points: [[287.44, 146.61], [289.66, 142.79], [287.89, 147.62], [286.66, 150.11]]
frame_idx : 152, dst_points: [[287.80, 146.58], [288.99, 142.70], [288.81, 145.71], [286.88, 149.91]]
frame_idx : 153, dst_points: [[286.90, 147.72], [289.16, 142.87], [288.55, 145.47], [286.83, 150.20]]
frame_idx : 154, dst_points: [[287.87, 146.99], [289.44, 142.73], [289.25, 145.92], [286.91, 150.58]]
frame_idx : 155, dst_points: [[287.38, 147.67], [289.63, 143.01], [289.28, 145.70], [286.36, 150.50]]
frame_idx : 156, dst_points: [[287.56, 147.15], [289.32, 143.20], [288.11, 147.66], [286.19, 150.09]]
frame_idx : 157, dst_points: [[287.49, 147.51], [289.45, 143.09], [288.11, 147.65], [286.77, 150.26]]
frame_idx : 158, dst_points: [[287.74, 147.00], [289.04, 143.25], [287.97, 147.69], [286.48, 150.11]]
frame_idx : 159, dst_points: [[287.57, 147.44], [288.74, 143.08], [288.24, 147.60], [286.31, 150.26]]
frame_idx : 160, dst_points: [[287.26, 147.57], [289.83, 141.83], [288.12, 147.24], [286.68, 149.03]]
frame_idx : 161, dst_points: [[287.77, 148.57], [288.67, 143.67], [290.42, 143.22], [286.81, 150.11]]
frame_idx : 162, dst_points: [[288.06, 147.81], [288.42, 143.60], [288.37, 146.64], [286.11, 150.10]]
frame_idx : 163, dst_points: [[287.63, 148.16], [289.03, 143.60], [287.28, 147.14], [286.16, 150.28]]
frame_idx : 164, dst_points: [[287.87, 147.66], [288.92, 143.50], [287.93, 147.40], [286.31, 150.15]]
frame_idx : 165, dst_points: [[287.73, 148.80], [288.92, 143.85], [288.18, 146.65], [286.69, 150.65]]
frame_idx : 166, dst_points: [[287.39, 149.00], [290.43, 143.42], [288.18, 146.78], [287.61, 151.05]]
frame_idx : 167, dst_points: [[286.73, 142.15], [286.93, 146.09], [286.45, 147.71], [286.04, 148.47]]
frame_idx : 168, dst_points: [[286.33, 149.57], [288.21, 144.06], [288.39, 144.84], [286.00, 151.10]]
frame_idx : 169, dst_points: [[285.23, 150.77], [289.00, 144.17], [287.64, 147.66], [287.34, 151.57]]
frame_idx : 170, dst_points: [[287.95, 149.31], [287.78, 144.73], [287.80, 147.94], [285.95, 150.76]]
frame_idx : 171, dst_points: [[287.07, 150.64], [289.65, 143.95], [287.08, 147.11], [287.50, 150.86]]
frame_idx : 172, dst_points: [[288.44, 148.97], [288.49, 144.50], [287.06, 146.84], [287.59, 151.08]]
frame_idx : 173, dst_points: [[287.91, 148.98], [290.02, 144.03], [287.04, 147.36], [287.23, 150.71]]
frame_idx : 174, dst_points: [[288.18, 148.16], [289.60, 144.01], [286.71, 147.34], [287.28, 150.59]]
frame_idx : 175, dst_points: [[289.04, 148.52], [289.66, 144.39], [286.37, 147.67], [288.23, 150.84]]
frame_idx : 176, dst_points: [[288.68, 148.18], [289.90, 144.22], [285.65, 148.45], [288.33, 150.80]]
frame_idx : 177, dst_points: [[288.19, 149.31], [289.08, 144.65], [286.03, 148.52], [288.56, 151.03]]
frame_idx : 178, dst_points: [[288.18, 149.03], [289.41, 144.38], [285.78, 148.56], [288.33, 150.76]]
frame_idx : 179, dst_points: [[288.82, 149.06], [288.77, 144.81], [286.27, 148.71], [288.01, 151.39]]
frame_idx : 180, dst_points: [[288.01, 149.43], [289.47, 144.23], [285.70, 149.20], [288.11, 151.84]]
frame_idx : 181, dst_points: [[287.83, 149.40], [288.53, 144.85], [286.32, 149.27], [287.60, 151.72]]
frame_idx : 182, dst_points: [[287.13, 149.50], [289.26, 144.07], [286.20, 148.99], [287.26, 152.10]]
frame_idx : 183, dst_points: [[287.44, 149.06], [289.08, 144.38], [286.30, 148.82], [287.48, 151.51]]
frame_idx : 184, dst_points: [[287.41, 148.98], [289.07, 144.22], [285.98, 148.35], [287.34, 151.21]]
frame_idx : 185, dst_points: [[287.69, 148.68], [286.99, 144.77], [285.54, 147.64], [285.93, 149.38]]
frame_idx : 186, dst_points: [[286.09, 151.20], [288.82, 144.28], [286.42, 146.72], [286.74, 150.82]]
frame_idx : 187, dst_points: [[287.27, 149.44], [288.26, 144.40], [286.76, 147.83], [286.52, 151.51]]
frame_idx : 188, dst_points: [[287.95, 149.20], [288.01, 144.58], [286.82, 147.29], [286.23, 150.78]]
frame_idx : 189, dst_points: [[288.12, 148.73], [287.90, 144.41], [286.52, 147.67], [285.73, 150.61]]
frame_idx : 190, dst_points: [[286.58, 150.49], [290.06, 143.60], [286.51, 147.82], [288.08, 150.76]]
frame_idx : 191, dst_points: [[287.86, 149.12], [289.05, 144.22], [287.22, 146.69], [287.69, 150.52]]
frame_idx : 192, dst_points: [[288.05, 148.71], [289.72, 144.16], [286.49, 148.06], [287.66, 151.27]]
frame_idx : 193, dst_points: [[288.52, 148.75], [288.38, 144.82], [286.31, 147.38], [286.70, 150.94]]
frame_idx : 194, dst_points: [[288.29, 149.38], [289.26, 144.40], [286.64, 147.89], [286.93, 152.08]]
frame_idx : 195, dst_points: [[289.16, 149.70], [288.64, 145.25], [288.01, 147.43], [286.63, 152.75]]
frame_idx : 196, dst_points: [[288.20, 150.78], [289.41, 144.92], [288.68, 148.16], [286.37, 152.17]]
frame_idx : 197, dst_points: [[287.14, 149.57], [289.26, 144.74], [287.89, 149.17], [287.41, 152.31]]
frame_idx : 198, dst_points: [[287.45, 149.00], [288.73, 144.90], [287.01, 148.24], [287.37, 151.65]]
frame_idx : 199, dst_points: [[287.97, 148.93], [289.78, 144.23], [286.83, 148.38], [288.05, 151.73]]
frame_idx : 200, dst_points: [[289.75, 148.40], [288.89, 145.03], [287.06, 148.19], [287.34, 151.14]]
frame_idx : 201, dst_points: [[288.84, 149.37], [289.36, 144.82], [287.14, 148.52], [286.74, 151.75]]
frame_idx : 202, dst_points: [[288.22, 149.67], [288.71, 145.09], [287.74, 148.48], [286.94, 152.31]]
frame_idx : 203, dst_points: [[287.14, 149.38], [289.43, 144.59], [286.44, 149.72], [287.49, 152.23]]
frame_idx : 204, dst_points: [[287.25, 148.54], [289.08, 144.63], [285.89, 149.24], [288.05, 151.83]]
frame_idx : 205, dst_points: [[287.97, 148.82], [288.36, 144.89], [286.19, 149.27], [287.45, 151.52]]
frame_idx : 206, dst_points: [[287.53, 150.16], [289.17, 144.26], [286.50, 147.98], [287.30, 151.70]]
frame_idx : 207, dst_points: [[288.59, 148.88], [287.21, 145.08], [286.05, 147.50], [285.60, 151.26]]
frame_idx : 208, dst_points: [[286.20, 150.82], [289.82, 144.17], [286.55, 147.83], [287.32, 151.77]]
frame_idx : 209, dst_points: [[288.47, 149.36], [288.50, 144.63], [287.13, 148.03], [286.44, 151.95]]
frame_idx : 210, dst_points: [[286.73, 150.09], [289.92, 144.07], [286.89, 148.59], [287.73, 151.85]]
frame_idx : 211, dst_points: [[287.84, 148.87], [289.53, 144.15], [286.52, 148.50], [288.01, 151.31]]
frame_idx : 212, dst_points: [[288.32, 148.26], [289.31, 144.41], [286.02, 149.02], [287.93, 151.22]]
frame_idx : 213, dst_points: [[287.42, 148.84], [289.43, 144.31], [286.24, 148.74], [287.97, 151.72]]
frame_idx : 214, dst_points: [[288.51, 148.47], [288.82, 144.43], [286.42, 148.06], [287.09, 151.53]]
frame_idx : 215, dst_points: [[288.36, 148.89], [289.38, 144.47], [286.44, 148.55], [287.43, 151.98]]
frame_idx : 216, dst_points: [[288.14, 148.91], [289.23, 144.55], [286.03, 148.75], [288.15, 151.93]]
frame_idx : 217, dst_points: [[288.40, 148.42], [289.10, 144.55], [286.10, 149.03], [287.54, 151.34]]
frame_idx : 218, dst_points: [[287.94, 149.04], [288.69, 144.80], [286.70, 148.29], [286.94, 151.75]]
frame_idx : 219, dst_points: [[287.79, 149.26], [289.53, 144.26], [286.63, 148.33], [288.00, 152.09]]
frame_idx : 220, dst_points: [[287.71, 149.24], [288.91, 144.72], [286.22, 147.57], [287.95, 151.03]]
frame_idx : 221, dst_points: [[288.92, 149.00], [289.17, 144.47], [286.78, 147.48], [287.00, 151.74]]
frame_idx : 222, dst_points: [[288.71, 149.07], [290.59, 144.12], [287.26, 147.36], [287.68, 151.82]]
frame_idx : 223, dst_points: [[289.11, 148.73], [288.67, 145.08], [287.03, 147.66], [286.88, 151.74]]
frame_idx : 224, dst_points: [[287.77, 150.46], [289.47, 144.56], [287.21, 147.49], [286.25, 151.43]]
frame_idx : 225, dst_points: [[286.19, 150.40], [289.19, 144.24], [287.78, 146.40], [287.31, 151.17]]
frame_idx : 226, dst_points: [[286.41, 150.03], [289.82, 144.22], [286.85, 149.08], [288.24, 152.09]]
frame_idx : 227, dst_points: [[287.63, 149.67], [288.29, 145.02], [286.47, 148.29], [286.75, 150.80]]
frame_idx : 228, dst_points: [[287.25, 149.86], [289.55, 144.20], [287.12, 146.96], [286.88, 151.40]]
frame_idx : 229, dst_points: [[287.13, 150.23], [288.53, 144.81], [287.45, 147.19], [286.36, 151.99]]
frame_idx : 230, dst_points: [[286.86, 150.91], [288.70, 145.18], [287.14, 147.77], [286.55, 152.69]]
frame_idx : 231, dst_points: [[285.65, 151.10], [289.24, 144.89], [286.92, 148.06], [286.80, 152.59]]
frame_idx : 232, dst_points: [[284.76, 151.47], [288.76, 144.60], [287.32, 147.97], [286.83, 152.04]]
frame_idx : 233, dst_points: [[285.82, 151.18], [288.05, 145.55], [287.02, 148.42], [287.21, 152.78]]
frame_idx : 234, dst_points: [[284.18, 152.21], [289.99, 144.60], [288.01, 149.85], [287.97, 152.81]]
frame_idx : 235, dst_points: [[287.75, 151.21], [287.39, 146.54], [289.55, 150.52], [286.02, 153.33]]
