frame_idx : 1, dst_points: [[0.00, 0.00], [0.00, 0.00], [0.00, 0.00], [0.00, 0.00]]
frame_idx : 2, dst_points: [[35.00, 60.26], [36.73, 60.26], [34.82, 65.35], [36.82, 65.36]]
frame_idx : 3, dst_points: [[140.99, 242.75], [147.95, 242.75], [140.27, 263.26], [148.33, 263.26]]
frame_idx : 4, dst_points: [[305.61, 526.07], [320.69, 526.05], [304.07, 570.54], [321.56, 570.53]]
frame_idx : 5, dst_points: [[428.94, 738.27], [450.08, 738.27], [426.68, 800.75], [451.23, 800.76]]
frame_idx : 6, dst_points: [[477.58, 821.76], [501.12, 821.77], [475.03, 891.45], [502.35, 891.45]]
frame_idx : 7, dst_points: [[478.98, 824.22], [502.60, 824.23], [476.47, 894.10], [503.84, 894.10]]
frame_idx : 8, dst_points: [[460.32, 791.92], [483.00, 791.93], [457.91, 859.05], [484.26, 859.05]]
frame_idx : 9, dst_points: [[437.14, 751.64], [458.62, 751.59], [434.69, 815.36], [459.83, 815.35]]
frame_idx : 10, dst_points: [[416.81, 716.09], [437.34, 716.05], [414.70, 776.83], [438.47, 776.88]]
frame_idx : 11, dst_points: [[401.73, 689.98], [421.52, 689.96], [399.72, 748.61], [422.48, 748.71]]
frame_idx : 12, dst_points: [[392.02, 673.31], [411.34, 673.29], [390.04, 730.60], [412.34, 730.63]]
frame_idx : 13, dst_points: [[386.67, 664.17], [404.82, 664.00], [384.75, 720.62], [405.82, 721.26]]
frame_idx : 14, dst_points: [[386.20, 659.77], [401.89, 659.40], [382.30, 715.81], [403.72, 716.03]]
frame_idx : 15, dst_points: [[386.82, 658.65], [401.37, 658.10], [383.20, 714.38], [403.62, 714.68]]
frame_idx : 16, dst_points: [[387.41, 658.77], [401.43, 658.12], [383.69, 714.27], [403.77, 714.58]]
frame_idx : 17, dst_points: [[387.79, 659.59], [402.16, 658.93], [384.94, 715.04], [404.60, 715.44]]
frame_idx : 18, dst_points: [[388.96, 660.20], [403.48, 659.64], [385.98, 715.56], [405.83, 715.93]]
frame_idx : 19, dst_points: [[388.93, 661.11], [403.73, 660.63], [384.99, 716.99], [406.22, 717.05]]
frame_idx : 20, dst_points: [[389.47, 661.40], [404.26, 660.97], [384.70, 717.66], [406.68, 717.55]]
frame_idx : 21, dst_points: [[389.60, 661.46], [404.48, 661.06], [384.43, 717.72], [406.77, 717.52]]
frame_idx : 22, dst_points: [[389.52, 662.03], [404.36, 661.61], [384.49, 718.62], [406.86, 718.45]]
frame_idx : 23, dst_points: [[389.50, 661.87], [404.74, 661.49], [384.70, 718.37], [407.01, 718.18]]
frame_idx : 24, dst_points: [[389.47, 661.59], [404.90, 661.25], [384.70, 718.06], [406.88, 717.83]]
frame_idx : 25, dst_points: [[390.09, 661.35], [405.54, 661.05], [385.38, 717.79], [407.39, 717.55]]
frame_idx : 26, dst_points: [[389.67, 661.68], [405.09, 661.34], [385.36, 718.44], [407.31, 718.29]]
frame_idx : 27, dst_points: [[390.15, 662.12], [405.34, 661.72], [385.87, 719.02], [407.76, 718.91]]
frame_idx : 28, dst_points: [[389.71, 661.67], [405.19, 661.31], [385.37, 718.30], [407.36, 718.22]]
frame_idx : 29, dst_points: [[389.36, 660.93], [405.06, 660.66], [384.94, 717.18], [406.94, 717.06]]
frame_idx : 30, dst_points: [[390.22, 660.94], [405.92, 660.69], [386.05, 717.18], [407.82, 717.13]]
frame_idx : 31, dst_points: [[390.75, 661.37], [405.77, 661.17], [386.33, 718.72], [408.18, 718.72]]
frame_idx : 32, dst_points: [[390.54, 661.12], [406.17, 660.88], [386.43, 717.99], [408.39, 717.89]]
frame_idx : 33, dst_points: [[390.41, 661.72], [405.79, 661.35], [386.47, 719.03], [408.40, 718.97]]
frame_idx : 34, dst_points: [[391.43, 660.87], [406.69, 660.45], [386.86, 717.77], [408.89, 717.66]]
frame_idx : 35, dst_points: [[391.21, 662.08], [406.40, 661.53], [387.03, 719.31], [409.08, 719.20]]
frame_idx : 36, dst_points: [[391.02, 661.64], [406.25, 661.27], [386.89, 718.32], [409.78, 717.92]]
frame_idx : 37, dst_points: [[391.24, 661.49], [406.44, 661.14], [386.92, 718.12], [409.38, 717.90]]
frame_idx : 38, dst_points: [[391.38, 661.21], [406.70, 660.88], [386.97, 717.66], [409.22, 717.54]]
frame_idx : 39, dst_points: [[391.53, 662.47], [406.73, 662.02], [388.18, 719.67], [411.81, 718.65]]
frame_idx : 40, dst_points: [[392.18, 661.98], [407.45, 661.65], [388.14, 718.97], [412.06, 717.61]]
frame_idx : 41, dst_points: [[391.76, 661.52], [407.42, 661.22], [387.76, 718.53], [410.09, 717.87]]
frame_idx : 42, dst_points: [[391.85, 661.06], [407.54, 660.78], [387.67, 717.83], [409.58, 717.59]]
frame_idx : 43, dst_points: [[391.66, 661.05], [407.37, 660.78], [387.67, 717.86], [409.44, 717.90]]
frame_idx : 44, dst_points: [[392.90, 659.99], [409.07, 659.82], [389.41, 716.42], [410.68, 716.18]]
frame_idx : 45, dst_points: [[393.44, 659.37], [409.66, 659.27], [389.86, 715.68], [411.45, 715.41]]
frame_idx : 46, dst_points: [[392.37, 660.15], [408.71, 659.99], [388.92, 716.61], [410.59, 716.57]]
frame_idx : 47, dst_points: [[392.16, 659.52], [408.18, 659.40], [388.36, 715.82], [410.19, 715.90]]
frame_idx : 48, dst_points: [[392.90, 659.46], [408.64, 659.32], [388.71, 715.84], [410.68, 715.96]]
frame_idx : 49, dst_points: [[392.94, 661.10], [408.37, 660.84], [389.13, 718.45], [411.02, 718.57]]
frame_idx : 50, dst_points: [[393.47, 662.37], [408.43, 661.95], [389.74, 720.84], [411.53, 720.86]]
frame_idx : 51, dst_points: [[393.51, 660.95], [408.84, 660.61], [389.42, 718.91], [411.38, 718.73]]
frame_idx : 52, dst_points: [[396.18, 658.98], [412.60, 658.85], [393.51, 715.95], [414.24, 715.96]]
frame_idx : 53, dst_points: [[396.00, 657.35], [412.88, 657.39], [393.12, 713.71], [414.50, 713.76]]
frame_idx : 54, dst_points: [[392.37, 659.57], [409.94, 659.63], [390.80, 717.55], [411.67, 717.73]]
frame_idx : 55, dst_points: [[394.42, 655.39], [411.89, 655.52], [392.90, 712.13], [413.43, 712.28]]
frame_idx : 56, dst_points: [[392.40, 655.44], [410.27, 655.67], [390.66, 712.20], [411.72, 712.18]]
frame_idx : 57, dst_points: [[392.45, 655.00], [409.43, 655.14], [389.59, 711.25], [411.33, 711.27]]
frame_idx : 58, dst_points: [[392.95, 653.34], [409.28, 653.51], [389.14, 709.17], [411.30, 709.23]]
frame_idx : 59, dst_points: [[393.77, 653.59], [409.26, 653.79], [389.38, 709.38], [411.55, 709.45]]
frame_idx : 60, dst_points: [[394.06, 652.51], [409.33, 652.75], [389.55, 708.31], [411.69, 708.40]]
frame_idx : 61, dst_points: [[394.33, 652.53], [409.91, 652.74], [390.31, 708.62], [412.34, 708.72]]
frame_idx : 62, dst_points: [[394.66, 655.24], [409.65, 655.18], [390.21, 712.44], [412.23, 712.53]]
frame_idx : 63, dst_points: [[394.04, 653.25], [409.53, 653.17], [389.74, 709.91], [411.73, 709.96]]
frame_idx : 64, dst_points: [[393.96, 652.56], [409.52, 652.49], [389.64, 709.12], [411.64, 709.13]]
frame_idx : 65, dst_points: [[394.12, 650.96], [409.95, 650.98], [390.18, 707.24], [412.11, 707.25]]
frame_idx : 66, dst_points: [[394.52, 650.54], [410.45, 650.69], [390.77, 707.00], [412.69, 706.99]]
frame_idx : 67, dst_points: [[395.36, 653.40], [410.75, 653.31], [391.12, 710.62], [413.06, 710.57]]
frame_idx : 68, dst_points: [[395.28, 654.00], [410.71, 653.82], [391.08, 711.56], [412.98, 711.56]]
frame_idx : 69, dst_points: [[394.55, 654.12], [410.13, 653.87], [390.40, 712.21], [412.41, 712.21]]
frame_idx : 70, dst_points: [[393.77, 649.74], [409.98, 649.70], [389.97, 706.79], [411.96, 706.73]]
frame_idx : 71, dst_points: [[393.82, 647.68], [409.89, 647.84], [389.93, 704.00], [411.87, 704.01]]
frame_idx : 72, dst_points: [[393.80, 646.11], [409.58, 646.49], [389.70, 701.88], [411.58, 702.00]]
frame_idx : 73, dst_points: [[395.18, 650.18], [410.48, 650.35], [391.35, 706.54], [412.69, 706.94]]
frame_idx : 74, dst_points: [[392.97, 648.32], [409.37, 648.50], [389.84, 704.23], [411.31, 704.54]]
frame_idx : 75, dst_points: [[394.14, 646.33], [411.23, 646.56], [391.98, 702.09], [412.86, 702.41]]
frame_idx : 76, dst_points: [[395.14, 649.77], [411.15, 649.93], [391.89, 706.47], [413.37, 706.62]]
frame_idx : 77, dst_points: [[395.34, 652.09], [410.79, 651.99], [391.81, 710.40], [413.60, 710.44]]
frame_idx : 78, dst_points: [[394.78, 652.22], [410.44, 652.02], [390.78, 710.95], [412.87, 710.86]]
frame_idx : 79, dst_points: [[394.76, 652.98], [410.29, 652.57], [389.84, 709.61], [412.05, 709.29]]
frame_idx : 80, dst_points: [[395.09, 651.80], [411.07, 651.50], [390.74, 709.68], [412.88, 709.50]]
frame_idx : 81, dst_points: [[395.10, 649.80], [411.54, 649.66], [391.55, 707.88], [413.67, 707.78]]
frame_idx : 82, dst_points: [[394.87, 645.99], [411.73, 646.04], [391.88, 702.85], [413.88, 702.87]]
frame_idx : 83, dst_points: [[394.75, 643.74], [411.28, 644.03], [391.59, 699.81], [413.44, 699.93]]
frame_idx : 84, dst_points: [[395.10, 647.15], [410.85, 647.52], [391.48, 704.22], [413.35, 704.65]]
frame_idx : 85, dst_points: [[396.31, 651.09], [411.14, 650.90], [392.09, 707.00], [413.82, 707.02]]
frame_idx : 86, dst_points: [[395.92, 646.24], [411.89, 646.25], [392.36, 702.35], [414.19, 702.32]]
frame_idx : 87, dst_points: [[395.83, 643.84], [412.38, 644.05], [392.74, 699.86], [414.54, 699.92]]
frame_idx : 88, dst_points: [[395.34, 646.12], [411.75, 646.39], [392.11, 702.72], [413.88, 702.98]]
frame_idx : 89, dst_points: [[394.64, 644.84], [410.95, 645.07], [391.32, 701.56], [413.17, 701.80]]
frame_idx : 90, dst_points: [[396.84, 643.05], [413.62, 643.24], [395.09, 699.41], [415.50, 699.71]]
frame_idx : 91, dst_points: [[395.51, 643.23], [412.72, 643.62], [393.50, 699.67], [414.12, 699.99]]
frame_idx : 92, dst_points: [[395.35, 641.66], [412.10, 642.11], [392.44, 697.80], [413.79, 698.06]]
frame_idx : 93, dst_points: [[396.12, 648.55], [411.71, 648.57], [392.29, 703.73], [413.87, 703.88]]
frame_idx : 94, dst_points: [[396.07, 649.31], [411.91, 649.19], [392.44, 707.05], [414.32, 707.07]]
frame_idx : 95, dst_points: [[396.03, 649.15], [412.13, 649.00], [392.55, 708.25], [414.59, 708.20]]
frame_idx : 96, dst_points: [[395.59, 643.52], [412.48, 643.56], [392.48, 701.41], [414.53, 701.27]]
frame_idx : 97, dst_points: [[396.48, 645.87], [412.56, 645.95], [392.82, 704.21], [414.85, 704.14]]
frame_idx : 98, dst_points: [[397.43, 649.74], [412.45, 649.34], [393.07, 706.18], [414.97, 705.94]]
frame_idx : 99, dst_points: [[396.23, 642.84], [412.35, 642.78], [392.60, 698.95], [414.52, 698.90]]
frame_idx : 100, dst_points: [[396.97, 639.14], [413.41, 639.32], [394.33, 694.57], [415.82, 694.81]]
frame_idx : 101, dst_points: [[395.53, 637.32], [412.45, 637.66], [392.91, 692.64], [414.35, 693.23]]
frame_idx : 102, dst_points: [[397.50, 637.17], [414.11, 637.45], [395.51, 692.24], [415.90, 692.99]]
frame_idx : 103, dst_points: [[394.81, 637.50], [412.31, 637.79], [393.00, 692.74], [413.67, 693.35]]
frame_idx : 104, dst_points: [[397.64, 643.44], [413.48, 644.66], [395.32, 699.08], [414.89, 700.53]]
frame_idx : 105, dst_points: [[396.99, 639.81], [413.40, 640.50], [394.27, 695.74], [415.16, 696.49]]
frame_idx : 106, dst_points: [[397.88, 646.51], [413.08, 646.53], [393.65, 702.04], [415.18, 702.33]]
frame_idx : 107, dst_points: [[397.02, 641.61], [413.40, 641.59], [393.59, 697.85], [415.61, 697.87]]
frame_idx : 108, dst_points: [[397.98, 645.94], [413.48, 645.87], [394.39, 702.89], [416.41, 702.77]]
frame_idx : 109, dst_points: [[398.11, 647.53], [413.75, 647.29], [394.42, 705.47], [416.57, 705.15]]
frame_idx : 110, dst_points: [[396.18, 640.37], [413.05, 640.29], [392.80, 698.32], [415.14, 697.40]]
frame_idx : 111, dst_points: [[397.38, 636.29], [414.57, 636.44], [394.58, 693.33], [416.50, 692.97]]
frame_idx : 112, dst_points: [[397.01, 635.35], [413.90, 635.63], [394.01, 691.47], [415.78, 691.69]]
frame_idx : 113, dst_points: [[398.48, 641.51], [413.38, 641.35], [394.65, 697.21], [416.14, 698.15]]
frame_idx : 114, dst_points: [[398.38, 645.37], [414.00, 645.37], [394.90, 703.65], [416.62, 704.21]]
frame_idx : 115, dst_points: [[397.90, 640.16], [415.01, 640.29], [395.70, 697.18], [417.42, 697.48]]
frame_idx : 116, dst_points: [[399.19, 646.36], [414.96, 646.28], [395.92, 701.90], [417.59, 701.83]]
frame_idx : 117, dst_points: [[397.06, 639.78], [414.08, 639.89], [394.27, 695.55], [416.04, 695.44]]
frame_idx : 118, dst_points: [[397.39, 636.21], [414.42, 636.47], [394.51, 691.75], [416.28, 692.03]]
frame_idx : 119, dst_points: [[393.97, 643.37], [411.16, 643.33], [390.45, 697.10], [412.35, 698.95]]
frame_idx : 120, dst_points: [[397.89, 648.12], [414.46, 647.52], [396.07, 701.75], [415.74, 702.83]]
frame_idx : 121, dst_points: [[396.94, 649.37], [413.92, 648.80], [394.58, 705.88], [415.60, 706.01]]
frame_idx : 122, dst_points: [[396.80, 649.20], [413.55, 648.75], [392.86, 707.58], [414.95, 707.17]]
frame_idx : 123, dst_points: [[398.15, 647.72], [415.07, 647.53], [395.77, 707.63], [416.54, 707.51]]
frame_idx : 124, dst_points: [[399.69, 648.93], [415.59, 648.52], [396.29, 706.56], [417.58, 706.10]]
frame_idx : 125, dst_points: [[399.95, 648.95], [415.85, 648.54], [396.64, 706.71], [418.37, 706.16]]
frame_idx : 126, dst_points: [[399.85, 649.27], [415.52, 648.79], [395.91, 705.67], [417.78, 704.99]]
frame_idx : 127, dst_points: [[400.45, 649.24], [415.74, 648.75], [396.44, 704.51], [418.22, 703.94]]
frame_idx : 128, dst_points: [[399.47, 640.13], [416.05, 640.07], [396.42, 695.74], [418.31, 695.55]]
frame_idx : 129, dst_points: [[396.21, 635.71], [414.18, 636.02], [394.34, 691.32], [415.70, 691.74]]
