frame_idx : 1, dst_points: [263.23, 195.76], [318.28, 193.76], [265.20, 327.66], [313.12, 329.58]
frame_idx : 2, dst_points: [261.96, 196.64], [315.19, 194.36], [263.38, 325.27], [310.06, 326.93]
frame_idx : 3, dst_points: [260.12, 196.36], [312.51, 194.27], [261.90, 323.48], [308.09, 325.23]
frame_idx : 4, dst_points: [258.78, 196.21], [310.15, 194.31], [260.15, 321.07], [305.07, 322.50]
frame_idx : 5, dst_points: [257.62, 196.19], [308.22, 194.35], [259.39, 319.34], [303.92, 320.84]
frame_idx : 6, dst_points: [256.93, 195.88], [306.51, 194.29], [259.34, 318.22], [303.86, 319.92]
frame_idx : 7, dst_points: [256.54, 196.15], [306.15, 194.46], [258.98, 316.57], [303.15, 318.87]
frame_idx : 8, dst_points: [256.45, 196.54], [304.91, 195.04], [258.69, 314.66], [301.77, 316.63]
frame_idx : 9, dst_points: [256.48, 196.75], [304.04, 195.31], [258.55, 312.84], [300.76, 314.53]
frame_idx : 10, dst_points: [256.46, 196.64], [303.34, 195.14], [258.66, 311.49], [300.61, 313.27]
frame_idx : 11, dst_points: [256.49, 197.29], [302.69, 195.57], [258.65, 309.79], [299.78, 311.59]
frame_idx : 12, dst_points: [256.81, 197.51], [302.13, 196.07], [258.71, 308.52], [298.91, 310.16]
frame_idx : 13, dst_points: [257.20, 198.22], [301.86, 196.53], [258.93, 306.76], [298.51, 308.38]
frame_idx : 14, dst_points: [257.31, 198.59], [301.53, 197.08], [259.26, 305.10], [298.44, 307.01]
frame_idx : 15, dst_points: [257.14, 199.07], [300.26, 197.38], [259.35, 304.35], [298.06, 306.19]
frame_idx : 16, dst_points: [257.35, 199.81], [298.80, 198.28], [258.63, 302.27], [295.57, 303.16]
frame_idx : 17, dst_points: [256.73, 200.46], [297.67, 198.89], [258.70, 301.38], [295.58, 302.68]
frame_idx : 18, dst_points: [256.22, 200.99], [296.57, 199.53], [258.54, 300.34], [295.00, 302.04]
frame_idx : 19, dst_points: [255.76, 201.82], [296.14, 200.24], [257.77, 298.06], [293.39, 300.10]
frame_idx : 20, dst_points: [255.18, 202.00], [294.40, 200.38], [257.36, 297.57], [292.77, 299.62]
frame_idx : 21, dst_points: [254.80, 202.77], [293.41, 201.41], [257.37, 296.65], [292.52, 298.58]
frame_idx : 22, dst_points: [254.44, 203.25], [291.66, 201.70], [256.70, 295.12], [290.84, 296.44]
frame_idx : 23, dst_points: [253.95, 203.57], [291.13, 202.20], [256.25, 294.22], [289.87, 296.22]
frame_idx : 24, dst_points: [254.00, 203.31], [290.38, 201.69], [255.98, 293.24], [289.12, 295.09]
frame_idx : 25, dst_points: [254.46, 203.26], [289.97, 201.96], [256.52, 291.26], [288.88, 292.73]
frame_idx : 26, dst_points: [254.88, 203.39], [290.14, 202.08], [257.43, 290.00], [289.69, 291.44]
frame_idx : 27, dst_points: [255.32, 203.45], [290.01, 202.02], [257.24, 288.32], [288.70, 289.74]
frame_idx : 28, dst_points: [254.85, 203.77], [290.48, 202.09], [256.98, 287.62], [288.93, 290.45]
frame_idx : 29, dst_points: [254.52, 203.16], [288.25, 201.84], [256.83, 287.26], [288.04, 289.02]
frame_idx : 30, dst_points: [253.88, 203.36], [287.08, 202.16], [256.38, 285.17], [286.61, 286.37]
frame_idx : 31, dst_points: [253.68, 203.89], [285.80, 202.84], [255.46, 283.47], [284.26, 284.57]
frame_idx : 32, dst_points: [253.06, 204.04], [285.79, 202.95], [255.26, 284.00], [285.12, 285.86]
frame_idx : 33, dst_points: [252.12, 204.17], [284.76, 202.72], [254.95, 283.05], [284.71, 285.07]
frame_idx : 34, dst_points: [251.80, 204.53], [283.74, 203.17], [253.86, 281.05], [282.46, 282.90]
frame_idx : 35, dst_points: [251.11, 204.59], [282.55, 203.08], [253.03, 280.70], [281.35, 282.74]
frame_idx : 36, dst_points: [250.66, 204.97], [281.33, 203.53], [252.56, 280.40], [280.73, 282.61]
frame_idx : 37, dst_points: [249.98, 205.31], [280.15, 204.04], [251.92, 277.93], [278.75, 279.13]
frame_idx : 38, dst_points: [249.37, 205.48], [279.84, 204.33], [250.90, 277.50], [277.71, 279.44]
frame_idx : 39, dst_points: [249.19, 205.23], [279.33, 203.79], [250.57, 277.37], [277.55, 279.39]
frame_idx : 40, dst_points: [249.00, 205.16], [277.95, 203.96], [250.86, 276.97], [277.36, 278.12]
frame_idx : 41, dst_points: [248.09, 205.29], [276.71, 204.33], [249.99, 275.72], [275.61, 276.97]
frame_idx : 42, dst_points: [247.39, 205.52], [275.07, 204.45], [248.65, 273.80], [273.13, 274.46]
frame_idx : 43, dst_points: [245.98, 205.80], [273.62, 204.63], [248.20, 273.91], [272.59, 274.77]
frame_idx : 44, dst_points: [244.51, 206.41], [272.18, 205.59], [247.25, 273.77], [271.43, 275.57]
frame_idx : 45, dst_points: [244.23, 206.29], [271.56, 205.32], [246.52, 273.52], [270.57, 274.85]
frame_idx : 46, dst_points: [245.11, 206.56], [271.40, 205.67], [246.45, 271.44], [268.29, 271.90]
frame_idx : 47, dst_points: [247.08, 207.07], [273.16, 206.04], [249.88, 272.50], [271.96, 272.63]
frame_idx : 48, dst_points: [249.06, 207.70], [276.23, 206.79], [252.53, 273.58], [275.19, 275.18]
frame_idx : 49, dst_points: [250.16, 207.57], [276.95, 206.37], [252.15, 273.06], [274.20, 274.50]
frame_idx : 50, dst_points: [250.31, 207.13], [277.53, 205.98], [251.97, 271.75], [274.09, 273.60]
frame_idx : 51, dst_points: [249.74, 206.40], [275.74, 205.39], [252.05, 272.10], [274.32, 272.84]
frame_idx : 52, dst_points: [248.44, 206.59], [276.27, 204.86], [250.53, 271.20], [273.70, 273.49]
frame_idx : 53, dst_points: [247.81, 206.82], [275.46, 205.81], [250.86, 271.05], [274.17, 273.21]
frame_idx : 54, dst_points: [247.46, 207.32], [276.25, 206.53], [251.22, 271.85], [275.31, 274.98]
frame_idx : 55, dst_points: [248.23, 206.78], [274.61, 205.77], [249.78, 270.49], [274.69, 274.42]
frame_idx : 56, dst_points: [248.12, 206.92], [274.61, 205.61], [248.78, 270.16], [271.52, 272.32]
frame_idx : 57, dst_points: [248.19, 206.94], [274.58, 205.89], [250.23, 269.51], [272.07, 270.52]
frame_idx : 58, dst_points: [248.11, 207.28], [275.99, 206.23], [253.07, 271.53], [273.11, 271.04]
frame_idx : 59, dst_points: [248.22, 206.87], [276.05, 204.76], [251.41, 272.70], [274.16, 275.48]
frame_idx : 60, dst_points: [248.09, 207.14], [275.10, 205.62], [250.53, 271.59], [273.44, 274.13]
