frame_idx : 1, dst_points: [[529.08, 391.83], [639.84, 391.87], [527.74, 647.29], [625.34, 655.15]]
frame_idx : 2, dst_points: [[526.44, 392.33], [635.34, 392.30], [524.63, 644.02], [620.91, 651.87]]
frame_idx : 3, dst_points: [[523.37, 392.48], [629.60, 392.63], [521.35, 639.77], [615.48, 646.89]]
frame_idx : 4, dst_points: [[520.37, 392.32], [624.88, 392.79], [518.37, 635.86], [610.96, 642.88]]
frame_idx : 5, dst_points: [[517.80, 392.33], [620.79, 392.70], [516.34, 632.45], [608.05, 639.65]]
frame_idx : 6, dst_points: [[516.01, 392.33], [617.80, 392.54], [514.87, 628.86], [605.46, 636.27]]
frame_idx : 7, dst_points: [[514.54, 392.53], [615.35, 392.54], [513.83, 625.21], [603.41, 633.00]]
frame_idx : 8, dst_points: [[513.81, 392.95], [612.92, 392.87], [513.31, 622.33], [601.65, 630.05]]
frame_idx : 9, dst_points: [[514.00, 393.61], [610.68, 393.73], [512.78, 618.33], [598.57, 625.08]]
frame_idx : 10, dst_points: [[513.59, 393.94], [609.16, 393.97], [512.85, 615.65], [597.82, 622.68]]
frame_idx : 11, dst_points: [[513.69, 394.48], [607.51, 394.68], [512.74, 612.40], [596.07, 619.04]]
frame_idx : 12, dst_points: [[513.55, 395.17], [605.86, 395.21], [513.36, 610.63], [596.11, 617.67]]
frame_idx : 13, dst_points: [[513.94, 395.99], [605.94, 395.74], [513.63, 607.37], [595.32, 615.04]]
frame_idx : 14, dst_points: [[514.66, 396.63], [604.52, 396.52], [514.35, 605.19], [594.71, 612.61]]
frame_idx : 15, dst_points: [[514.64, 397.73], [602.96, 397.75], [514.41, 601.73], [592.79, 608.81]]
frame_idx : 16, dst_points: [[514.27, 398.75], [601.52, 398.39], [513.84, 599.32], [591.39, 606.59]]
frame_idx : 17, dst_points: [[513.79, 400.01], [598.75, 399.98], [513.73, 597.18], [589.92, 604.15]]
frame_idx : 18, dst_points: [[513.21, 400.94], [596.00, 401.17], [513.25, 595.40], [588.20, 602.53]]
frame_idx : 19, dst_points: [[512.51, 402.37], [593.76, 402.81], [512.64, 591.07], [585.03, 597.59]]
frame_idx : 20, dst_points: [[511.48, 403.58], [590.78, 403.50], [511.80, 589.94], [584.19, 596.95]]
frame_idx : 21, dst_points: [[510.30, 404.70], [588.43, 404.26], [510.50, 587.55], [581.74, 594.63]]
frame_idx : 22, dst_points: [[509.83, 406.11], [585.52, 406.30], [509.45, 583.85], [577.94, 589.45]]
frame_idx : 23, dst_points: [[508.90, 406.65], [583.33, 406.69], [508.67, 582.57], [576.75, 588.77]]
frame_idx : 24, dst_points: [[508.33, 407.10], [581.73, 407.12], [508.37, 579.96], [575.46, 586.10]]
frame_idx : 25, dst_points: [[508.82, 406.94], [580.73, 407.24], [508.74, 577.47], [574.64, 583.52]]
frame_idx : 26, dst_points: [[509.35, 407.26], [580.59, 407.05], [509.23, 574.93], [574.83, 581.41]]
frame_idx : 27, dst_points: [[509.88, 407.38], [580.09, 407.20], [509.98, 572.45], [574.69, 579.01]]
frame_idx : 28, dst_points: [[510.01, 407.10], [579.01, 407.35], [510.07, 569.83], [573.20, 576.05]]
frame_idx : 29, dst_points: [[509.48, 406.85], [577.18, 407.22], [509.23, 567.78], [571.46, 573.84]]
frame_idx : 30, dst_points: [[508.50, 406.82], [575.34, 407.21], [508.24, 565.50], [569.59, 571.46]]
frame_idx : 31, dst_points: [[507.34, 407.34], [573.89, 407.16], [507.35, 563.62], [568.42, 569.90]]
frame_idx : 32, dst_points: [[506.77, 407.80], [571.26, 408.24], [506.99, 561.92], [566.46, 567.48]]
frame_idx : 33, dst_points: [[506.11, 407.82], [569.33, 409.06], [506.19, 560.10], [563.97, 565.47]]
frame_idx : 34, dst_points: [[505.22, 408.41], [566.94, 409.23], [505.26, 559.09], [562.75, 563.69]]
frame_idx : 35, dst_points: [[503.64, 408.94], [565.22, 409.70], [504.24, 556.68], [560.83, 561.58]]
frame_idx : 36, dst_points: [[502.49, 409.34], [563.18, 410.25], [502.81, 554.94], [558.51, 559.67]]
frame_idx : 37, dst_points: [[500.86, 409.97], [561.02, 410.55], [501.49, 553.28], [556.74, 558.23]]
frame_idx : 38, dst_points: [[499.33, 410.55], [558.69, 411.04], [500.57, 552.11], [555.68, 557.14]]
frame_idx : 39, dst_points: [[498.54, 410.73], [557.59, 411.19], [499.48, 550.44], [554.04, 555.58]]
frame_idx : 40, dst_points: [[497.84, 411.11], [556.38, 410.97], [498.20, 549.36], [552.81, 555.08]]
frame_idx : 41, dst_points: [[496.65, 411.21], [554.49, 411.50], [497.33, 547.37], [550.54, 552.64]]
frame_idx : 42, dst_points: [[495.00, 411.05], [552.10, 411.57], [495.53, 545.40], [547.37, 550.37]]
frame_idx : 43, dst_points: [[492.75, 411.97], [548.81, 412.54], [493.23, 544.19], [544.73, 549.26]]
frame_idx : 44, dst_points: [[490.61, 412.32], [545.94, 412.82], [491.00, 543.32], [542.16, 548.40]]
frame_idx : 45, dst_points: [[489.22, 412.65], [543.82, 413.33], [489.67, 542.16], [539.89, 546.60]]
frame_idx : 46, dst_points: [[489.34, 413.40], [543.54, 413.98], [489.90, 541.10], [539.45, 545.54]]
frame_idx : 47, dst_points: [[492.02, 414.55], [545.87, 414.60], [492.10, 541.77], [542.07, 546.81]]
frame_idx : 48, dst_points: [[495.31, 414.90], [550.25, 414.79], [495.45, 541.09], [545.22, 546.58]]
frame_idx : 49, dst_points: [[498.12, 415.18], [552.26, 415.41], [498.77, 540.68], [548.18, 545.80]]
frame_idx : 50, dst_points: [[499.42, 414.78], [552.86, 414.72], [499.77, 540.12], [549.09, 545.31]]
frame_idx : 51, dst_points: [[498.89, 414.21], [552.17, 414.44], [499.56, 538.74], [548.26, 543.56]]
frame_idx : 52, dst_points: [[497.87, 413.97], [550.64, 414.41], [498.53, 537.91], [546.57, 542.42]]
frame_idx : 53, dst_points: [[496.84, 413.86], [549.23, 414.57], [497.44, 537.57], [544.99, 542.13]]
frame_idx : 54, dst_points: [[495.91, 414.20], [548.79, 414.62], [496.66, 537.22], [544.48, 542.23]]
frame_idx : 55, dst_points: [[495.87, 414.42], [548.26, 414.66], [496.24, 537.66], [544.14, 542.81]]
frame_idx : 56, dst_points: [[495.50, 414.36], [547.87, 414.65], [496.43, 537.50], [544.35, 542.51]]
frame_idx : 57, dst_points: [[495.64, 414.58], [548.04, 414.65], [496.37, 536.76], [544.32, 541.77]]
frame_idx : 58, dst_points: [[495.98, 414.79], [547.65, 415.14], [496.92, 536.83], [544.66, 541.60]]
frame_idx : 59, dst_points: [[496.05, 414.98], [548.40, 414.58], [496.67, 536.62], [544.99, 542.14]]
frame_idx : 60, dst_points: [[496.13, 414.91], [548.13, 414.64], [496.50, 536.20], [544.50, 541.67]]
