frame_idx : 1, dst_points: [[420.00, 662.99], [443.99, 662.99], [421.00, 719.99], [447.00, 719.99]]
frame_idx : 2, dst_points: [[419.73, 662.99], [444.25, 662.92], [420.97, 719.95], [446.43, 720.00]]
frame_idx : 3, dst_points: [[419.64, 663.01], [444.35, 662.90], [420.97, 719.94], [446.19, 720.01]]
frame_idx : 4, dst_points: [[419.62, 662.89], [444.47, 662.80], [421.04, 719.89], [446.15, 719.95]]
frame_idx : 5, dst_points: [[419.61, 662.88], [444.45, 662.75], [421.00, 719.90], [446.39, 720.02]]
frame_idx : 6, dst_points: [[419.60, 662.77], [444.50, 662.61], [421.00, 719.86], [446.27, 719.92]]
frame_idx : 7, dst_points: [[419.58, 662.79], [444.49, 662.64], [420.99, 719.86], [446.13, 719.94]]
frame_idx : 8, dst_points: [[419.61, 662.73], [444.55, 662.59], [421.07, 719.79], [446.08, 719.88]]
frame_idx : 9, dst_points: [[419.68, 662.59], [444.60, 662.50], [421.13, 719.74], [446.41, 719.89]]
frame_idx : 10, dst_points: [[419.85, 662.44], [444.87, 662.32], [421.33, 719.61], [446.71, 719.75]]
frame_idx : 11, dst_points: [[419.84, 662.41], [444.91, 662.28], [421.34, 719.59], [446.76, 719.73]]
frame_idx : 12, dst_points: [[419.85, 662.42], [444.96, 662.27], [421.40, 719.63], [446.82, 719.77]]
frame_idx : 13, dst_points: [[419.91, 662.52], [445.02, 662.38], [421.50, 719.81], [446.90, 719.94]]
frame_idx : 14, dst_points: [[420.00, 662.34], [445.05, 662.21], [421.59, 719.61], [446.96, 719.74]]
frame_idx : 15, dst_points: [[420.24, 662.34], [445.30, 662.24], [421.82, 719.75], [447.19, 719.86]]
frame_idx : 16, dst_points: [[420.24, 662.13], [445.26, 661.96], [421.72, 719.51], [447.09, 719.65]]
frame_idx : 17, dst_points: [[420.46, 662.10], [445.45, 661.97], [421.93, 719.50], [447.15, 719.60]]
frame_idx : 18, dst_points: [[420.87, 661.90], [445.88, 661.78], [422.42, 719.14], [447.31, 719.21]]
frame_idx : 19, dst_points: [[420.77, 662.10], [445.70, 661.97], [422.28, 719.41], [447.55, 719.54]]
frame_idx : 20, dst_points: [[420.95, 661.93], [445.99, 661.80], [422.50, 719.30], [447.77, 719.43]]
frame_idx : 21, dst_points: [[421.04, 661.77], [446.14, 661.62], [422.48, 718.97], [447.83, 719.11]]
frame_idx : 22, dst_points: [[420.97, 662.06], [446.00, 661.91], [422.49, 719.53], [447.85, 719.65]]
frame_idx : 23, dst_points: [[421.19, 661.83], [446.22, 661.70], [422.68, 719.18], [447.93, 719.28]]
frame_idx : 24, dst_points: [[421.30, 661.64], [446.32, 661.49], [422.68, 718.90], [447.90, 719.03]]
frame_idx : 25, dst_points: [[421.75, 661.50], [446.79, 661.36], [423.04, 718.65], [447.98, 718.81]]
frame_idx : 26, dst_points: [[421.53, 661.74], [446.53, 661.60], [422.99, 719.26], [448.25, 719.46]]
frame_idx : 27, dst_points: [[421.73, 662.00], [446.76, 661.84], [423.39, 719.68], [448.14, 719.78]]
frame_idx : 28, dst_points: [[421.67, 661.63], [446.72, 661.51], [423.15, 719.12], [448.35, 719.28]]
frame_idx : 29, dst_points: [[421.61, 661.15], [446.59, 661.00], [422.91, 718.30], [448.36, 718.52]]
frame_idx : 30, dst_points: [[422.18, 661.24], [447.16, 661.09], [423.59, 718.43], [448.24, 718.58]]
frame_idx : 31, dst_points: [[422.12, 661.68], [447.05, 661.54], [423.77, 719.62], [448.54, 719.79]]
frame_idx : 32, dst_points: [[422.40, 661.33], [447.37, 661.20], [423.98, 718.85], [448.82, 719.05]]
frame_idx : 33, dst_points: [[422.23, 661.71], [447.21, 661.57], [423.98, 719.74], [448.86, 719.89]]
frame_idx : 34, dst_points: [[422.86, 661.08], [447.86, 660.99], [424.47, 718.69], [449.05, 718.78]]
frame_idx : 35, dst_points: [[422.68, 661.76], [447.64, 661.53], [424.59, 720.00], [449.35, 720.15]]
frame_idx : 36, dst_points: [[422.72, 661.49], [447.88, 661.25], [425.21, 719.23], [449.53, 719.42]]
frame_idx : 37, dst_points: [[422.85, 661.46], [447.99, 661.26], [424.81, 719.13], [449.70, 719.34]]
frame_idx : 38, dst_points: [[423.08, 661.29], [448.20, 661.13], [424.73, 718.75], [449.65, 718.99]]
frame_idx : 39, dst_points: [[423.12, 662.17], [448.23, 661.97], [426.33, 719.95], [450.00, 720.66]]
frame_idx : 40, dst_points: [[423.64, 661.78], [448.83, 661.65], [426.60, 718.51], [452.24, 720.22]]
frame_idx : 41, dst_points: [[423.61, 661.48], [448.81, 661.46], [425.44, 718.68], [451.80, 719.82]]
frame_idx : 42, dst_points: [[423.69, 661.23], [448.90, 661.10], [425.43, 718.63], [450.99, 719.33]]
frame_idx : 43, dst_points: [[423.62, 661.30], [448.81, 661.15], [425.42, 718.97], [450.68, 719.48]]
frame_idx : 44, dst_points: [[424.84, 660.47], [449.94, 660.37], [426.30, 717.28], [450.51, 718.48]]
frame_idx : 45, dst_points: [[425.32, 659.96], [450.35, 659.73], [426.80, 716.54], [450.16, 717.46]]
frame_idx : 46, dst_points: [[424.82, 660.54], [449.85, 660.27], [426.22, 717.85], [450.64, 718.14]]
frame_idx : 47, dst_points: [[424.49, 660.03], [449.59, 659.81], [425.99, 717.28], [450.92, 717.53]]
frame_idx : 48, dst_points: [[424.93, 659.96], [450.09, 659.74], [426.47, 717.36], [450.18, 717.44]]
frame_idx : 49, dst_points: [[424.77, 661.08], [449.87, 660.78], [426.65, 719.35], [450.71, 719.32]]
frame_idx : 50, dst_points: [[424.76, 661.81], [450.02, 661.44], [427.05, 720.82], [450.78, 720.83]]
frame_idx : 51, dst_points: [[425.08, 660.72], [450.38, 660.47], [427.06, 719.10], [451.61, 719.20]]
frame_idx : 52, dst_points: [[427.49, 659.46], [452.80, 659.23], [429.38, 717.22], [451.97, 717.12]]
frame_idx : 53, dst_points: [[427.85, 658.37], [452.83, 658.22], [429.58, 715.86], [453.57, 715.83]]
frame_idx : 54, dst_points: [[426.12, 660.07], [450.88, 659.97], [428.04, 719.05], [452.84, 718.88]]
frame_idx : 55, dst_points: [[427.49, 656.71], [452.44, 656.66], [429.31, 714.49], [453.62, 714.38]]
frame_idx : 56, dst_points: [[426.62, 656.88], [451.33, 656.83], [428.10, 714.72], [453.26, 714.68]]
frame_idx : 57, dst_points: [[426.16, 656.35], [450.97, 656.19], [427.64, 713.88], [453.13, 713.81]]
frame_idx : 58, dst_points: [[426.18, 654.95], [451.12, 654.87], [427.56, 712.14], [453.02, 712.06]]
frame_idx : 59, dst_points: [[426.25, 654.86], [451.05, 654.73], [427.64, 712.18], [452.92, 711.94]]
frame_idx : 60, dst_points: [[426.26, 653.78], [451.03, 653.69], [427.60, 711.06], [452.91, 710.89]]
frame_idx : 61, dst_points: [[426.58, 653.67], [451.36, 653.51], [428.01, 711.09], [452.97, 710.83]]
frame_idx : 62, dst_points: [[426.44, 655.47], [451.41, 655.23], [428.00, 713.84], [453.54, 713.40]]
frame_idx : 63, dst_points: [[426.17, 653.72], [451.16, 653.57], [427.61, 711.29], [453.02, 711.19]]
frame_idx : 64, dst_points: [[426.17, 653.22], [451.09, 653.08], [427.55, 710.73], [452.90, 710.57]]
frame_idx : 65, dst_points: [[426.44, 652.02], [451.31, 651.88], [427.89, 709.31], [453.16, 709.20]]
frame_idx : 66, dst_points: [[426.76, 651.74], [451.65, 651.58], [428.30, 709.16], [453.33, 708.95]]
frame_idx : 67, dst_points: [[427.07, 653.61], [452.03, 653.38], [428.58, 711.91], [453.80, 711.38]]
frame_idx : 68, dst_points: [[426.95, 653.82], [452.02, 653.58], [428.57, 712.26], [453.85, 712.05]]
frame_idx : 69, dst_points: [[426.64, 653.82], [451.71, 653.64], [428.21, 712.52], [453.68, 712.58]]
frame_idx : 70, dst_points: [[426.52, 650.57], [451.50, 650.50], [427.94, 708.32], [453.58, 708.44]]
frame_idx : 71, dst_points: [[426.51, 649.37], [451.45, 649.27], [427.89, 706.72], [453.53, 706.75]]
frame_idx : 72, dst_points: [[426.38, 648.21], [451.27, 648.10], [427.64, 705.35], [453.42, 705.35]]
frame_idx : 73, dst_points: [[427.12, 650.93], [451.96, 650.72], [428.51, 709.12], [453.27, 708.72]]
frame_idx : 74, dst_points: [[426.14, 649.11], [451.03, 648.96], [427.42, 706.54], [452.84, 706.44]]
frame_idx : 75, dst_points: [[427.22, 647.56], [452.06, 647.43], [428.56, 704.79], [453.75, 704.66]]
frame_idx : 76, dst_points: [[427.47, 649.96], [452.20, 649.78], [428.89, 708.03], [454.06, 707.70]]
frame_idx : 77, dst_points: [[427.23, 651.44], [452.13, 651.24], [429.00, 710.55], [454.12, 710.27]]
frame_idx : 78, dst_points: [[426.96, 651.43], [452.02, 651.24], [428.61, 710.50], [454.19, 710.57]]
frame_idx : 79, dst_points: [[426.85, 651.94], [452.00, 651.58], [428.12, 709.23], [453.85, 709.30]]
frame_idx : 80, dst_points: [[427.34, 651.28], [452.49, 651.03], [428.79, 709.77], [453.99, 709.90]]
frame_idx : 81, dst_points: [[427.59, 650.10], [452.68, 649.95], [429.34, 708.71], [454.08, 708.83]]
frame_idx : 82, dst_points: [[427.70, 647.47], [452.66, 647.39], [429.39, 705.21], [454.61, 705.34]]
frame_idx : 83, dst_points: [[427.56, 645.94], [452.44, 645.86], [429.06, 703.38], [454.78, 703.43]]
frame_idx : 84, dst_points: [[427.66, 648.36], [452.47, 648.21], [429.22, 707.06], [455.01, 706.82]]
frame_idx : 85, dst_points: [[427.83, 650.59], [452.66, 650.23], [429.46, 708.12], [455.02, 707.72]]
frame_idx : 86, dst_points: [[428.18, 646.72], [452.99, 646.63], [429.74, 704.09], [455.22, 704.00]]
frame_idx : 87, dst_points: [[428.48, 645.22], [453.28, 645.18], [430.06, 702.52], [455.60, 702.43]]
frame_idx : 88, dst_points: [[428.21, 646.95], [452.94, 646.82], [429.70, 704.91], [455.57, 704.68]]
frame_idx : 89, dst_points: [[427.65, 645.77], [452.48, 645.73], [429.14, 703.63], [455.00, 703.51]]
frame_idx : 90, dst_points: [[429.37, 644.29], [454.17, 644.22], [430.96, 701.91], [455.84, 701.75]]
frame_idx : 91, dst_points: [[428.81, 644.38], [453.46, 644.29], [430.30, 702.01], [455.80, 701.92]]
frame_idx : 92, dst_points: [[428.51, 643.07], [453.23, 643.04], [429.90, 700.40], [455.69, 700.41]]
frame_idx : 93, dst_points: [[428.64, 647.69], [453.26, 647.44], [429.87, 704.65], [455.40, 704.40]]
frame_idx : 94, dst_points: [[428.57, 648.03], [453.44, 647.85], [430.17, 706.76], [455.40, 706.48]]
frame_idx : 95, dst_points: [[428.58, 648.04], [453.52, 647.91], [430.34, 707.45], [455.71, 707.46]]
frame_idx : 96, dst_points: [[428.75, 643.98], [453.54, 644.01], [430.33, 702.20], [455.93, 702.28]]
frame_idx : 97, dst_points: [[429.00, 646.16], [453.81, 646.05], [430.52, 705.20], [456.04, 704.91]]
frame_idx : 98, dst_points: [[428.95, 648.72], [453.86, 648.35], [430.53, 706.38], [455.92, 706.02]]
frame_idx : 99, dst_points: [[428.72, 643.50], [453.59, 643.46], [430.22, 700.94], [455.86, 700.91]]
frame_idx : 100, dst_points: [[429.59, 641.25], [454.33, 641.23], [431.28, 698.33], [456.81, 698.33]]
frame_idx : 101, dst_points: [[429.01, 640.03], [453.61, 640.11], [430.41, 697.26], [456.19, 697.36]]
frame_idx : 102, dst_points: [[430.07, 639.74], [454.65, 639.72], [431.68, 696.80], [457.15, 696.93]]
frame_idx : 103, dst_points: [[428.91, 639.55], [453.36, 639.59], [430.29, 696.57], [456.02, 696.73]]
frame_idx : 104, dst_points: [[429.71, 645.04], [453.93, 644.77], [430.98, 701.62], [456.14, 701.60]]
frame_idx : 105, dst_points: [[429.59, 640.78], [454.18, 640.81], [431.00, 697.70], [456.62, 697.67]]
frame_idx : 106, dst_points: [[429.86, 645.04], [454.37, 644.81], [430.98, 702.03], [456.68, 701.85]]
frame_idx : 107, dst_points: [[429.78, 641.15], [454.44, 641.06], [431.22, 698.42], [456.92, 698.30]]
frame_idx : 108, dst_points: [[430.08, 644.70], [454.80, 644.44], [431.83, 702.55], [457.23, 702.24]]
frame_idx : 109, dst_points: [[430.16, 645.86], [454.98, 645.54], [431.97, 704.27], [457.25, 703.79]]
frame_idx : 110, dst_points: [[429.48, 640.58], [454.30, 640.52], [430.97, 698.24], [456.64, 698.17]]
frame_idx : 111, dst_points: [[430.60, 638.27], [455.36, 638.25], [432.09, 695.79], [457.58, 695.76]]
frame_idx : 112, dst_points: [[430.18, 637.85], [454.78, 637.87], [431.65, 695.16], [457.38, 695.25]]
frame_idx : 113, dst_points: [[430.64, 643.38], [455.02, 643.21], [431.83, 700.44], [457.32, 700.33]]
frame_idx : 114, dst_points: [[430.71, 644.91], [455.47, 644.77], [432.22, 704.19], [457.40, 703.70]]
frame_idx : 115, dst_points: [[431.06, 640.35], [455.93, 640.42], [432.82, 698.22], [458.21, 698.12]]
frame_idx : 116, dst_points: [[431.31, 644.79], [455.81, 644.56], [432.91, 701.91], [458.30, 701.45]]
frame_idx : 117, dst_points: [[430.41, 639.87], [455.02, 639.90], [431.83, 696.97], [457.52, 696.83]]
frame_idx : 118, dst_points: [[430.80, 637.78], [455.34, 637.84], [432.24, 694.87], [457.93, 694.93]]
frame_idx : 119, dst_points: [[429.50, 642.98], [454.34, 642.77], [429.98, 700.34], [456.41, 700.12]]
frame_idx : 120, dst_points: [[430.86, 645.86], [455.59, 645.37], [432.26, 702.65], [456.46, 701.73]]
frame_idx : 121, dst_points: [[430.36, 646.65], [455.48, 646.15], [432.02, 704.65], [457.46, 703.75]]
frame_idx : 122, dst_points: [[430.09, 646.81], [455.38, 646.28], [431.40, 705.41], [457.34, 704.85]]
frame_idx : 123, dst_points: [[430.74, 646.40], [455.84, 646.05], [432.39, 706.05], [457.31, 705.87]]
frame_idx : 124, dst_points: [[431.12, 647.50], [456.08, 647.03], [432.93, 705.26], [457.81, 705.03]]
frame_idx : 125, dst_points: [[431.37, 647.69], [456.30, 647.23], [433.47, 705.85], [458.09, 705.57]]
frame_idx : 126, dst_points: [[431.36, 647.96], [456.15, 647.54], [433.06, 705.28], [458.26, 705.05]]
frame_idx : 127, dst_points: [[431.52, 648.17], [456.24, 647.65], [433.40, 704.72], [458.56, 704.48]]
frame_idx : 128, dst_points: [[431.80, 641.71], [456.47, 641.68], [433.60, 698.67], [459.05, 698.66]]
frame_idx : 129, dst_points: [[430.65, 639.10], [455.38, 639.11], [432.19, 696.27], [457.83, 696.35]]
